500
160.614 130.93 0 1
167.987 108.647 0 1
82.137 24.282 0 2
174.705 91.3162 0 1
112.227 45.2046 0 2
146.764 79.5934 0 1
208.182 140.338 0 1
195.166 107.493 0 1
143.429 110.787 0 1
92.5655 66.2675 0 2
77.9195 126.419 0 1
242.312 144.532 0 1
174.651 152.917 0 1
205.919 151.991 0 1
278.55 95.3894 0 1
83.2448 145.298 0 1
62.5641 44.1744 0 2
90.5038 34.0078 0 1
329.525 237.561 0 0
174.787 118.384 0 1
156.1 93.0803 0 1
164.792 118.363 0 1
222.981 144.28 0 1
104.166 28.3708 0 1
99.7683 135.253 0 1
52.0717 14.2384 0 2
111.49 139.979 0 1
131.997 180.819 0 1
128.716 170.288 0 1
92.8009 39.3102 0 2
260.833 146.247 0 1
321.062 263.046 0 0
107.652 106.09 0 1
308.184 220.309 0 0
194.69 145.271 0 1
114.701 93.1706 0 2
322.908 201.142 0 0
49.6734 45.207 0 2
64.2499 85.2398 0 2
334.183 216.26 0 0
113.806 31.9581 0 2
391.252 214.902 0 0
210.582 188.97 0 1
104.413 158.239 0 1
98.5065 88.8078 0 2
365.079 216.33 0 0
78.8963 47.1652 0 2
248.359 160.205 0 1
337.73 183.113 0 0
218.976 173.188 0 1
226.848 164.12 0 1
127.914 92.5539 0 2
412.578 305.656 0 0
78.6275 151.295 0 1
349.634 236.276 0 0
153.645 110.406 0 1
337.993 317.026 0 0
273.069 322.982 0 0
288.725 187.966 0 0
303.831 173.388 0 0
129.693 141.927 0 1
352.517 330.246 0 0
311.281 184.655 0 0
272.987 164.827 0 0
366.082 259.357 0 0
151.054 164.781 0 1
337.001 359.162 0 0
84.1179 54.4488 0 2
228.766 104.376 0 1
459.448 284.909 0 0
282.636 304.858 0 0
343.217 199.849 0 0
250.886 223.525 0 0
349.878 182.6 0 0
64.7382 77.9354 0 2
401.742 311.533 0 0
411.454 314.244 0 0
87.5666 45.6745 0 2
296.977 325.355 0 0
140.991 151.95 0 1
301.849 173.881 0 0
392.606 325.402 0 0
35.034 68.2098 0 2
185.581 76.7727 0 1
402.378 320.685 0 0
185.303 132.728 0 1
466.326 329.016 0 0
485.928 287.862 0 0
463.207 315.587 0 0
245.632 192.037 0 0
262.304 187.619 0 0
288.33 211.099 0 0
246.818 326.253 0 0
302.524 303.277 0 0
82.9213 164.434 0 1
496.931 308.025 0 0
161.866 100.651 0 1
116.599 188.279 0 1
397.788 64.8328 0 0
78.9399 103.092 0 1
30.355 93.5986 0 2
93.2497 57.2948 0 1
267.18 162.085 0 1
201.226 299.266 0 0
243.455 309.234 0 0
204.015 172.048 0 1
395.262 228.707 0 0
101.896 187.768 0 1
330.622 236.138 0 0
394.151 314.609 0 0
160.771 75.173 0 1
208.537 346.834 0 0
49.9468 68.0957 0 2
256.76 325.616 0 0
294.431 298.501 0 0
476.967 330.196 0 0
233.036 311.722 0 0
296.411 316.955 0 0
209.265 165.288 0 1
269.625 191.761 0 0
238.509 293.702 0 0
129.658 34.4112 0 2
133.495 87.9706 0 1
507.47 286.581 0 0
194.035 319.385 0 0
267.723 173.677 0 0
265.027 323.696 0 0
275.803 183.157 0 1
150.516 151.356 0 1
55.5835 70.4363 0 2
370.405 273.417 0 0
164.385 44.7397 0 1
417.559 355.976 0 0
495.418 86.3441 0 0
264.501 96.0019 0 1
440.953 224.079 0 0
401.436 309.607 0 0
275.089 306.061 0 0
419.803 282.488 0 0
446.128 286.732 0 0
301.812 363.831 0 0
134.483 97.7656 0 1
85.9181 85.1615 0 1
302.144 203.655 0 0
239.962 154.857 0 0
394.52 367.32 0 0
518.771 267.995 0 0
300.868 348.925 0 0
255.826 167.151 0 0
408.77 344.912 0 0
208.099 315.856 0 0
175.218 188.454 0 1
409.45 324.737 0 0
397.84 163.135 0 0
144.25 93.7555 0 1
289.891 332.655 0 0
192.559 187.796 0 1
287.284 186.978 0 0
136.405 81.6938 0 1
168.014 91.7436 0 1
183.603 130.472 0 1
117.407 281.574 0 0
448.671 169.678 0 0
266.093 267.835 0 0
421.354 162.447 0 0
393.933 305.861 0 0
522.16 280.222 0 0
456.854 263.484 0 0
347.526 304.569 0 0
272.883 162.675 0 0
385.313 377.467 0 0
400.725 301.005 0 0
248.251 327.639 0 0
234.068 279.097 0 0
132.322 147.18 0 1
210.455 317.169 0 0
364.23 344.799 0 0
281.512 322.246 0 0
336.407 217.683 0 0
421.133 314.552 0 0
217.077 216.774 0 0
290.195 156.384 0 0
198.112 266.614 0 0
319.759 176.839 0 0
198.888 33.017 0 1
115.933 47.4191 0 1
133.416 323.9 0 0
290.109 309.137 0 0
251.362 100.771 0 1
472.813 130.839 0 0
64.237 70.6341 0 2
90.4467 161.455 0 1
459.73 350.922 0 0
50.2438 48.1951 0 2
157.47 254.209 0 0
220.112 113.12 0 1
416.311 329.591 0 0
485.849 331.884 0 0
521.977 294.127 0 0
459.409 206.269 0 0
395.946 65.9656 0 0
158.782 163.945 0 1
370.837 365.511 0 0
126.008 50.4497 0 2
271.373 347.224 0 0
351.251 328.65 0 0
164.907 330.513 0 0
437.312 348.76 0 0
158.767 208.829 0 0
496.544 334.633 0 0
477.49 372.958 0 0
182.043 112.457 0 0
152.021 280.29 0 0
565.638 354.18 0 0
214.677 159.406 0 0
201.1 272.865 0 0
365.226 320.037 0 0
571.169 334.449 0 0
377.649 367.906 0 0
409.284 361.9 0 0
266.9 168.739 0 0
238.064 71.4217 0 1
90.1336 150.687 0 1
75.5911 140.719 0 1
114.333 53.173 0 2
348.076 183.402 0 0
443.103 331.403 0 0
272.201 144.833 0 1
398.194 67.0493 0 0
151.573 86.8084 0 1
170.787 77.8199 0 0
111.599 72.3754 0 2
253.381 144.052 0 1
424.174 364.701 0 0
513.723 145.057 0 0
162.247 164.564 0 0
486.005 289.968 0 0
450.609 311.945 0 0
427.196 303.261 0 0
389.56 214.097 0 0
203.863 377.803 0 0
550.753 313.979 0 0
506.098 334.924 0 0
555.441 190.623 0 0
214.692 176.364 0 0
226.052 134.337 0 0
175.442 165.109 0 1
169.218 296.18 0 0
349.172 180.883 0 0
529.592 192.728 0 0
64.6779 130.355 0 1
179.272 324.281 0 0
527.467 191.398 0 0
437.585 311.175 0 0
101.114 99.392 0 1
269.05 137.29 0 1
493.148 320.315 0 0
133.143 53.2856 0 2
327.959 138.87 0 0
128.941 215.224 0 0
229.656 174.339 0 1
491.086 350.506 0 0
533.271 324.824 0 0
268.611 66.6913 0 1
288.934 107.087 0 1
138.348 61.7824 0 2
394.749 226.655 0 0
112.428 66.1461 0 1
386.574 58.5943 0 0
537.957 276.386 0 0
114.393 98.4756 0 1
471.15 351.237 0 0
227.3 196.162 0 0
202.244 84.192 0 1
179.394 55.0502 0 1
319.848 261.338 0 0
495.225 332.997 0 0
405.4 186.599 0 0
306.273 318.73 0 0
191.518 88.9362 0 1
102.092 42.8747 0 2
91.2918 14.3359 0 2
472.168 200.469 0 0
550.756 365.422 0 0
267.96 197.253 0 0
201.945 284.575 0 0
297.477 185.915 0 0
40.0672 91.8631 0 2
321.572 260.821 0 0
498.574 147.854 0 0
112.32 177.021 0 1
158.761 304.509 0 0
390.237 216.798 0 0
218.648 86.9987 0 0
410.766 142.93 0 0
350.634 330.829 0 0
184.832 93.1492 0 1
156.749 263.402 0 0
388.109 81.7531 0 0
512.545 191.645 0 0
430.869 270.206 0 0
555.097 325.14 0 0
403.756 141.509 0 0
490.894 348.061 0 0
406.541 162.817 0 0
61.7499 55.6232 0 1
273.126 320.882 0 0
248.113 74.201 0 1
121.887 273.188 0 0
30.1394 84.4222 0 2
210.138 81.374 0 1
535.802 324.991 0 0
384.696 57.5002 0 0
285.403 222.305 0 0
130.144 154.269 0 0
505.126 321.5 0 0
54.2437 53.1306 0 2
274.415 361.175 0 0
504.336 333.986 0 0
171.672 172.384 0 0
260.085 166.905 0 0
204.276 202.252 0 0
440.237 363.969 0 0
529.588 258.529 0 0
301.162 346.938 0 0
228.106 53.9603 0 1
357.873 319.288 0 0
549.346 349.937 0 0
457.06 105.132 0 0
136.887 160.937 0 1
538.657 334.711 0 0
134.512 270.426 0 0
446.154 300.054 0 0
181.195 360.484 0 0
299.002 347.443 0 0
120.594 174.951 0 1
410.65 305.167 0 0
224.052 348.039 0 0
500.647 347.849 0 0
150.725 174.205 0 1
288.697 320.601 0 0
29.7426 81.1127 0 2
306.111 220.338 0 0
491.623 149.869 0 0
460.118 347.487 0 0
230.906 348.196 0 0
388.103 289.94 0 0
394.51 316.373 0 0
190.82 346.161 0 0
282.136 302.937 0 0
257.119 307.527 0 0
244.424 174.99 0 0
263.838 362.252 0 0
225.245 128.881 0 1
537.733 254.019 0 0
193.419 82.5219 0 1
481.062 351.073 0 0
202.871 92.9576 0 1
350.953 306.749 0 0
479.788 260.242 0 0
196.354 349.304 0 0
288.629 221.526 0 0
159.82 196.516 0 0
212.154 279.315 0 0
167.86 179.508 0 1
232.169 322.918 0 0
500.895 350.266 0 0
457.905 145.912 0 0
85.6527 93.2212 0 2
296.028 161.203 0 0
266.48 33.9695 0 1
267.631 306.143 0 0
454.066 297.813 0 0
481.668 348.854 0 0
184.186 133.633 0 0
114.595 251.835 0 0
210.933 187.662 0 0
579.934 239.056 0 0
224.353 175.507 0 1
364.681 327.74 0 0
218.083 287.948 0 0
466.747 116.629 0 0
417.683 358.027 0 0
128.02 260.594 0 0
238.017 123.828 0 1
338.681 318.41 0 0
248.941 223.453 0 0
465.899 144.629 0 0
483.918 288.04 0 0
254.898 216.881 0 0
107.421 80.1244 0 1
106.857 164.398 0 1
484.521 374.774 0 0
348.621 237.722 0 0
120.685 218.674 0 0
417.285 367.954 0 0
402.234 322.542 0 0
194.307 58.7687 0 1
485.312 253.27 0 0
210.65 315.137 0 0
540.865 132.713 0 0
181.939 322.971 0 0
117.935 80.4881 0 2
347.728 181.452 0 0
519.981 292.334 0 0
182.304 178.657 0 1
291.815 363.277 0 0
50.8288 93.0381 0 2
522.131 291.914 0 0
220.645 159.217 0 1
437.958 345.507 0 0
529.481 363.121 0 0
143.092 309.88 0 0
275.428 123.757 0 1
147.646 326.448 0 0
413.691 126.865 0 0
128.759 80.6689 0 1
485.239 112.72 0 0
401.491 367.586 0 0
206.641 63.7482 0 1
288.584 208.645 0 0
535.103 323.222 0 0
405.9 271.93 0 0
188.456 184.49 0 1
433.883 374.811 0 0
529.41 190.847 0 0
420.491 379.357 0 0
499.547 364.61 0 0
463.107 313.44 0 0
468.183 125.26 0 0
71.6937 55.4766 0 2
418.407 151.917 0 0
211.34 300.428 0 0
169 158.825 0 1
181.03 156.911 0 1
125.881 170.617 0 1
280.798 320.451 0 0
236.896 275.483 0 0
264.003 322.146 0 0
288.327 334.799 0 0
141.568 100.823 0 0
410.876 312.599 0 0
165.377 297.022 0 0
277.964 162.906 0 1
200.851 67.6651 0 1
523.959 146.196 0 0
482.004 197.546 0 0
70.0304 61.2142 0 1
336.454 215.596 0 0
392.518 327.382 0 0
262.69 293.435 0 0
380.92 127.518 0 0
390.221 82.7682 0 0
214.415 133.675 0 1
229.479 142.596 0 1
365.204 379.604 0 0
182.291 147.204 0 1
233.478 165.026 0 1
476.146 218.866 0 0
375.223 135.073 0 0
266.879 176.758 0 0
125.636 111.672 0 1
488.744 186.601 0 0
233.256 378.713 0 0
517.01 270.092 0 0
122.818 184.076 0 1
271.945 105.955 0 1
487.082 334.059 0 0
38.7509 62.982 0 2
296.193 315.32 0 0
466.627 331.407 0 0
171.692 178.549 0 1
173.133 378.183 0 0
251.795 307.199 0 0
461.29 313.985 0 0
64.119 32.0951 0 2
557.942 191.783 0 0
395.193 119.847 0 0
348.44 306.721 0 0
265.149 360.656 0 0
207.2 348.133 0 0
356.744 378.149 0 0
456.461 144.306 0 0
356.817 320.882 0 0
80.1461 14.2767 0 2
80.3539 65.4108 0 2
223.64 276.518 0 0
58.4586 93.2299 0 2
461.709 161.201 0 0
236.757 297.393 0 0
140.216 338.699 0 0
324.22 199.573 0 0
431.42 181.06 0 0
544.028 291.482 0 0
334.493 339.357 0 0
285.573 167.962 0 1
270.943 163.507 0 0
346.48 128.086 0 0
408.729 326.563 0 0
546.669 284.924 0 0
