0.920455
0.834559
0.822785
0.813869
0.759162
0.817829
0.703125
0.625455
0.733083
0.819444
0.526316
0.672489
0.403922
0.953307
0.760204
0.971014
0.71066
0.780749
0.881119
0.623188
0.93609
0.822222
0.814815
0.388298
0.647059
0.826087
0.353712
0.822727
0.693694
0.743719
0.837209
0.871886
0.549784
0.742958
0.732824
0.228916
0.687285
0.648485
0.63871
0.866894
0.714286
0.919014
0.610329
0.860465
0.671141
0.621993
0.909524
0.889908
0.672355
0.851064
0.965065
0.8
0.871795
0.850746
0.822917
0.7
0.854406
0.917323
0.931159
0.721831
0.630705
0.934866
0.790941
0.855019
0.39576
0.348548
0.620968
0.842593
0.510288
0.929961
0.78626
0.619529
0.895131
0.696246
0.783333
0.95572
0.992565
0.844749
0.635294
0.8625
0.802817
0.88764
0.694118
0.782288
0.951673
0.675373
0.84375
0.629167
0.801556
0.162879
0.903704
0.90942
0.860656
0.522388
0.889447
0.872881
0.822878
0.418719
0.884921
0.752427
0.214286
0.621359
0.940298
0.798283
0.825911
0.635983
0.750877
0.641414
0.839721
0.903346
0.924528
0.955357
0.740506
0.919355
0.80303
0.942387
0.954545
0.826255
0.814815
0.516605
0.741935
0.798077
0.814961
0.270386
0.960352
0.696296
0.897233
0.716814
0.801619
0.735632
0.366548
0.418699
0.893701
0.587719
0.549296
0.323308
0.933824
0.757692
0.624549
0.570342
0.785425
0.858238
0.399061
0.992933
0.72093
0.642276
0.806867
0.868
0.623134
0.786822
0.935622
0.612613
0.936567
0.438849
0.833962
0.782609
0.747748
0.746377
0.866142
0.809353
0.72119
0.602871
0.869732
0.932331
0.655556
0.900369
0.969697
0.868217
0.764925
0.884758
0.546939
0.619048
0.807377
0.632
0.83682
0.858369
0.28125
0.933333
0.856655
0.83209
0.393574
0.710145
0.779661
0.816609
0.336283
0.199074
0.370192
0.961686
0.669643
0.614458
0.815789
0.795122
0.88755
0.639535
0.313636
0.692607
0.766917
0.726891
0.803493
0.60076
0.861111
0.704918
0.598394
0.572368
0.769231
0.984674
0.874419
0.818898
0.540179
0.939394
0.512605
0.334821
0.784404
0.84466
0.692946
0.329114
0.761364
0.635468
0.633065
0.76494
0.64684
0.823009
0.8125
0.879808
0.78607
0.656463
0.755725
0.90099
0.822134
0.798479
0.601852
0.794444
0.772727
0.828685
0.422908
0.431818
0.658333
0.880309
0.794007
0.884615
0.560185
0.856481
0.951542
0.855204
0.53112
0.363265
0.453441
0.900452
0.863481
0.809524
0.756757
0.968182
0.892241
0.871212
0.78733
0.864078
0.740426
0.517857
0.797153
0.882075
0.674107
0.961538
0.863014
0.574257
0.542683
0.55814
0.821053
0.575893
0.816
0.764444
0.645299
0.946721
0.821429
0.550943
0.529644
0.765125
0.87069
0.194245
0.584615
0.463235
0.70098
0.237705
0.496063
0.768116
0.601476
0.661088
0.929078
0.44
0.808511
0.571429
0.714953
0.801843
0.891608
0.472103
0.639706
0.899614
0.545126
0.665158
0.55642
0.731092
0.325926
0.764151
0.701818
0.871795
0.666667
0.666667
0.956863
0.518349
0.608491
0.481481
0.648438
0.829493
0.72
0.709091
0.212264
0.899123
0.489583
0.772727
0.964758
0.737778
0.585821
0.401639
0.746032
0.831169
0.72
0.318966
0.829545
0.614286
0.299595
0.948276
0.935185
0.683721
0.881679
0.602804
0.856
0.861751
0.963504
0.548673
0.960699
0.680851
0.910506
0.5
0.700704
0.817427
0.920319
0.638767
0.224638
0.902985
0.792793
0.725191
0.888446
0.40458
0.806723
0.581301
0.617391
0.877778
0.966527
0.40824
0.82397
0.109756
0.887387
0.689531
0.7713
0.769547
0.7375
0.941909
0.951754
0.449219
0.316901
0.537634
0.343558
0.784615
0.74031
0.941667
0.324561
0.35545
0.635246
0.334906
0.68
0.722433
0.715447
0.685484
0.869565
0.856481
0.334746
0.808429
0.89434
0.480159
0.789256
0.906367
0.626667
0.671362
0.636752
0.592335
0.736842
0.864
0.962687
0.256
0.273469
0.95279
0.538813
0.873874
0.91791
0.744898
0.960699
0.451477
0.739837
0.75
0.751092
0.979508
0.855469
0.573394
0.910798
0.492537
0.933333
0.737828
0.754098
0.533058
0.665306
0.266932
0.836957
0.917808
0.35
0.285714
0.794239
0.909091
0.282787
0.519651
0.90625
0.688
0.932692
0.799257
0.915254
0.701613
0.561265
0.751131
0.87451
0.466403
0.952569
0.824701
0.406699
0.973978
0.872727
0.707865
0.540856
0.696429
0.441767
0.581152
0.842466
0.87218
0.724806
0.253571
0.751938
0.253968
0.840336
0.538776
0.826923
0.964286
0.695312
0.397887
0.904059
0.975904
0.330612
0.542601
0.798283
0.43128
0.613527
0.890295
0.520661
0.931298
0.839216
0.74477
0.181818
0.879518
0.937984
0.701754
0.81448
0.298893
0.76779
0.834025
0.955357
0.613169
0.769531
0.78327
0.539823
0.67907
0.433198
0.552083
0.587549
0.870968
0.893204
0.646048
0.216418
0.827273
0.232283
0.333333
0.745318
0.953237
0.932584
0.721973
