0.0117647
0.0108696
0.0185185
0.0104167
0.0151515
0.0117647
0.012987
0.0117647
0.0116279
0.0149254
0.015625
0.0138889
0.0125
0.0133333
0.0151515
0.0149254
0.0163934
0.015873
0.0103093
0.011236
0.011236
0.0111111
0.0131579
0.0163934
0.0142857
0.0434783
0.0136986
0.0149254
0.0144928
0.0153846
0.0149254
0.0108696
0.0135135
0.0103093
0.0128205
0.04
0.0103093
0.0196078
0.0243902
0.0103093
0.0192308
0.010989
0.0163934
0.0142857
0.0227273
0.0104167
0.0149254
0.0151515
0.0103093
0.0142857
0.0138889
0.111111
0.0123457
0.015625
0.0104167
0.0111111
0.0114943
0.0120482
0.0106383
0.0104167
0.0125
0.0119048
0.0103093
0.011236
0.010989
0.012987
0.0126582
0.015873
0.0126582
0.0126582
0.0116279
0.010101
0.0116279
0.0102041
0.0208333
0.0126582
0.0125
0.0149254
0.0117647
0.0125
0.0105263
0.0126582
0.0333333
0.011236
0.0126582
0.0121951
0.012987
0.012987
0.0128205
0.0119048
0.011236
0.0106383
0.0126582
0.0116279
0.015873
0.0131579
0.0106383
0.015625
0.0120482
0.015873
0.111111
0.0149254
0.0166667
0.0133333
0.0120482
0.0140845
0.0111111
0.0163934
0.0103093
0.0125
0.0114943
0.0136986
0.0212766
0.0121951
0.0116279
0.0128205
0.0123457
0.0117647
0.0135135
0.0111111
0.0117647
0.027027
0.0121951
0.0135135
0.0135135
0.011236
0.0120482
0.027027
0.0120482
0.0217391
0.011236
0.0125
0.0133333
0.012987
0.0142857
0.0117647
0.0126582
0.0117647
0.0120482
0.0125
0.0131579
0.0120482
0.0147059
0.0104167
0.0119048
0.0133333
0.0140845
0.0123457
0.0113636
0.0133333
0.0133333
0.0153846
0.0128205
0.0107527
0.0114943
0.0117647
0.015873
0.0106383
0.0121951
0.0107527
0.0119048
0.0151515
0.0121951
0.0113636
0.0113636
0.0125
0.0142857
0.0123457
0.0114943
0.011236
0.0135135
0.0125
0.0126582
0.0117647
0.0126582
0.0133333
0.0126582
0.0119048
0.0103093
0.0123457
0.0119048
0.010989
0.0128205
0.0102041
0.0136986
0.0144928
0.0149254
0.0117647
0.0138889
0.0128205
0.0181818
0.0149254
0.0133333
0.0192308
0.0144928
0.0126582
0.012987
0.0133333
0.0142857
0.0119048
0.0119048
0.0128205
0.012987
0.0204082
0.0128205
0.0117647
0.0138889
0.0133333
0.0144928
0.0135135
0.0142857
0.0144928
0.0144928
0.016129
0.0125
0.012987
0.0120482
0.0166667
0.012987
0.0136986
0.011236
0.0131579
0.0151515
0.0151515
0.016129
0.0102041
0.0128205
0.015625
0.0120482
0.0116279
0.0147059
0.0172414
0.0147059
0.0138889
0.0128205
0.0140845
0.012987
0.012987
0.0123457
0.010989
0.0149254
0.0149254
0.0138889
0.0140845
0.0123457
0.0123457
0.0131579
0.0135135
0.0102041
0.0135135
0.0175439
0.0135135
0.0135135
0.0128205
0.0142857
0.0151515
0.012987
0.0263158
0.0108696
0.015873
0.0149254
0.0138889
0.0147059
0.0147059
0.0192308
0.0357143
0.010989
0.0142857
0.0120482
0.0144928
0.0128205
0.0133333
0.0120482
0.0121951
0.0119048
0.0107527
0.0135135
0.011236
0.0117647
0.0117647
0.0144928
0.025
0.0125
0.0163934
0.010989
0.0128205
0.0105263
0.0833333
0.0108696
0.0128205
0.0153846
0.0136986
0.010989
0.0136986
0.0113636
0.0117647
0.011236
0.0144928
0.0116279
0.0133333
0.0120482
0.0153846
0.0111111
0.0138889
0.011236
0.0181818
0.0119048
0.0135135
0.0151515
0.1
0.0125
0.0147059
0.0120482
0.0105263
0.0153846
0.0136986
0.0172414
0.0133333
0.0138889
0.0140845
0.0113636
0.0123457
0.0138889
0.0142857
0.0123457
0.0135135
0.0117647
0.015873
0.0126582
0.0131579
0.0151515
0.0147059
0.0125
0.0144928
0.0123457
0.0151515
0.0123457
0.0138889
0.0138889
0.0140845
0.0117647
0.0714286
0.0103093
0.0126582
0.0133333
0.0136986
0.0114943
0.0125
0.0140845
0.0116279
0.0117647
0.0119048
0.0135135
0.012987
0.0142857
0.0117647
0.0133333
0.0117647
0.0114943
0.0126582
0.0140845
0.0105263
0.0142857
0.0120482
0.0140845
0.0126582
0.0138889
0.0126582
0.0294118
0.010989
0.0166667
0.0117647
0.0125
0.0135135
0.0140845
0.015873
0.0123457
0.0149254
0.0144928
0.0121951
0.0121951
0.0125
0.0133333
0.0151515
0.0135135
0.0114943
0.0117647
0.0126582
0.0128205
0.0116279
0.0140845
0.0147059
0.0147059
0.0105263
0.015873
0.0135135
0.0126582
0.0123457
0.012987
0.0131579
0.0136986
0.0135135
0.025
0.0102041
0.0140845
0.0138889
0.0131579
0.0454545
0.0142857
0.0135135
0.0131579
0.015873
0.0147059
0.0153846
0.0144928
0.0119048
0.0126582
0.0128205
0.0136986
0.0126582
0.0106383
0.0147059
0.0117647
0.0149254
0.0142857
0.0135135
0.0140845
0.0144928
0.0128205
0.0126582
0.0153846
0.0114943
0.0126582
0.0128205
0.0128205
0.0144928
0.0119048
0.0116279
0.0120482
0.0119048
0.0151515
0.0125
0.0135135
0.0178571
0.0125
0.0131579
0.0125
0.0163934
0.0102041
0.0125
0.0116279
0.0111111
0.0116279
0.0128205
0.0131579
0.0131579
0.0125
0.0138889
0.0126582
0.0107527
0.0113636
0.0120482
0.0128205
0.0147059
0.0138889
0.0151515
0.0151515
0.0133333
0.0277778
0.0117647
0.0131579
0.0138889
0.0147059
0.0119048
0.0128205
0.0181818
0.0142857
0.0113636
0.0114943
0.0133333
0.0136986
0.0133333
0.0126582
0.0117647
0.025
0.0153846
0.0117647
0.0454545
0.0126582
0.0119048
0.0144928
0.0102041
0.0116279
0.0147059
0.0121951
0.0232558
0.011236
0.010989
0.0128205
0.0147059
1.67263 3.34037 0.501581 0.85179 0.256279 2.2265 1.43077 1.67877 0.825889 0.822964 0.758024 0.245709 1.35924 1.37879 0.240599 0.110985 0.26952 0.577169 1.95911 2.01645 0.413334 0.966179 0.075982 0.133535 0.0285948 0.0420448 0.0571959 0.0507014 0.117721 0.140887 0.263873 0.998686 0.64436 0.990857 0.207176 0.294315 0.362953 0.693063 0.359985 0.293448 1.19326 1.02952 0.188326 0.372036 1.21139 0.228874 0.898978 1.10972 0.491085 0.647821 3.43393 0.268749 0.1912 0.218925 1.39616 1.32599 1.9599 0.730441 1.68223 1.02258 2.05635 2.63954 0.285343 1.60577 0.534269 0.115284 0.951455 0.240943 0.234177 0.218912 0.777662 0.139993 0.11077 0.0106383 0.0973653 0.337063 0.0541186 0.0153846 0.139777 0.160532 0.132918 0.19722 0.59776 0.424757 0.186073 0.134113 0.0782819 0.5506 0.0916325 0.491951 0.133099 0.135341 0.0630833 0.0250078 0.0419831 0.0418722 3.36505 0.698947 1.62614 0.708979 0.934836 0.396426 3.56893 0.727436 1.4655 0.709796 1.65528 1.31637 2.07996 0.638881 1.44305 0.924915 1.0843 0.667706 1.31737 0.370945 0.435542 0.466727 0.691667 0.205873 0.391157 0.665797 1.46824 1.31419 1.23142 0.319879 0.19011 0.650947 1.41154 0.869346 0.350391 0.707411 0.432305 0.47361 0.158362 0.996524 0.131347 0.516747 0.554064 0.318982 0.292401 0.3076 0.901349 0.34058 0.279753 0.116914 0.204305 0.287483 0.413647 0.347772 1.08 0.244383 0.190314 0.123392 0.630908 0.292141 0.581395 0.165717 0.747797 1.09158 0.256142 0.409374 0.167581 0.182391 0.761263 1.66371 0.355049 0.294964 0.213104 0.117178 0.580713 0.32188 0.300268 1.06261 0.124729 0.97552 0.0652855 0.19394 0.252292 0.24598 0.349357 0.186065 0.270446 0.0661937 0.129727 0.127125 0.0923004 0.107442 0.0917629 0.0766296 0.0740404 0.0688253 2.59683 3.76904 1.53955 0.174811 5.98251 1.58521 1.42014 1.80959 1.11663 0.693362 0.578403 0.519469 1.08009 2.28945 1.25897 1.99393 0.867533 1.48353 4.69888 8.1466 2.76917 0.45265 0.899772 1.16544 3.20292 1.81001 0.78384 0.505367 0.708181 0.454795 0.882407 0.364674 1.05629 0.138179 0.579729 0.238108 0.336231 0.60023 0.715327 0.41138 0.498636 0.89561 0.716682 0.371666 0.569496 0.272253 0.815152 0.439656 2.73053 4.76334 0.666357 0.832415 0.540892 0.414029 0.195925 0.176104 1.79091 2.40502 0.282851 0.702771 0.072822 0.066345 0.238311 0.420886 0.425766 0.256866 0.658722 0.146222 0.113065 0.100071 0.0328137 0.03345 0.569517 0.243037 0.294159 0.104836 0.716096 0.417972 0 0 0.121645 0.154018 0.753222 0.392304 1.19237 1.17738 0.44803 1.2039 0.13908 0.643831 0.0599456 0.178126 0.914335 0.539501 0.791181 0.968914 0.399286 0.165248 0.129263 0.120606 0.715497 0.0790761 0.452829 0.59174 0.227729 0 0.167714 0.126591 0.0140845 0.0427957 0.233299 0.155606 0.0255168 0.0668147 0.176393 0.0854831 0.258697 0.313184 0.150635 0.177318 0.124274 0.29276 0.281205 0.594425 0.525553 0.314914 0.320615 0.317205 1.14301 1.57423 1.70776 2.69769 0.881491 0.870349 1.89744 2.56899 1.54219 1.27108 1.51554 0.438921 2.00048 4.1153 2.93981 0.970298 0.153134 0.488844 0.32805 0.144282 2.69947 0.658094 0.427902 1.73614 6.3985 2.24974 0.513859 0.723661 0.813994 0.280324 1.09959 0.894259 8.52842 5.76753 0.834476 2.81606 21.7558 11.9669 0.26627 1.28829 0.476412 1.73877 2.61817 0.473641 0.768494 1.72876 6.77721 7.29717 7.39775 1.68912 1.05385 5.38978 1.43792 0.899916 2.0806 9.12492 0.437432 0.537503 2.14329 1.05153 0.802574 0.555671 1.15364 0.574573 0.776107 0.367593 0.157521 0.259456 1.49978 0.236024 0.64793 0.889821 0.129366 0.382099 1.30223 0.5342 0.503142 0.740654 0.0251582 0.628992 0.402167 0.299025 0.328888 1.21966 0.323925 0.481016 0.597362 0.156686 0.0948429 0.0636977 0.188888 0.34592 0.0984521 0.129337 0.462505 0.179523 1.88179 0.514805 0.256726 0.685131 0.149458 0.172466 0.0646841 0.205584 0.250164 0.43522 0.0499269 0.342426 0.131423 0.108415 0.110587 0.207674 3.732 1.2664 1.17965 2.55494 0.454153 1.66747 0.797316 0.305567 0.0807537 0.191441 1.33042 0.158921 0.561779 0.280653 0.0178571 0.103086 0.792729 0.502138 0.372571 10.1235 0.276808 0.322948 1.83106 0.255273 1.81145 2.32471 3.74748 1.46487 0.607173 0.522914 7.6728 0.606595 1.90653 0.579446 5.27006 2.63176 0.785194 1.38382 0.748473 0.457473 5.19248 0.776291 1.11172 1.73076 0.108415 0.160094 0.135281 0.151555 1.55362 0.833344 0.513408 1.01656 0.309416 0.157195 0.355582 0.131896 0.444832 2.70208 0.0901788 0.214883 0.203466 0.48273 0.420556 1.51734 1.65023 1.19593 1.49419 0.381106 0.0391825 0.0957118 0.552663 0.810206 0.956252 1.43166 1.20427 0.534729 0.476094 0.220767 0.617512 0.369221 
0.566734 0.126926 0.467494 0.0632467 1.15773 0.618977 0.498597 0.655251 0.0996206 0.0773483 0.123663 0.244488 0.179195 0.160535 0.252644 0.113003 0.764889 1.55972 0.719767 1.35767 1.05826 1.21542 0.488203 0.775054 2.49899 0.390401 1.52238 1.53497 0.152929 0.660232 0.289115 0.309334 0.687807 0.378769 0.308945 0.254832 0.169418 0.0656224 1.3878 1.23719 0.901628 0.505985 1.33907 0.747679 0.328266 0.113355 0.668259 0.485459 0.271952 0.341318 0.0933126 0.175742 0.336571 0.315833 0.271143 0.13222 0.296831 0.510992 0.480119 1.58792 0.391935 0.132622 0.595898 0.0677301 0.0942282 0.183246 0.123478 0.251766 0.0779868 0.338383 0.217529 0.198459 0.0749086 0.0780058 0.235095 0.136196 0.145579 0.133301 0.439057 0.45651 0.240986 1.65179 0.734249 0.698904 0.375575 0.565747 0.149469 1.34164 0.988706 0.316328 0.384651 0.150275 0.624848 0.543209 1.1459 0.400059 4.53392 1.78157 2.83145 1.0264 0.905983 1.35317 1.03514 1.34087 0.440273 0.355875 0.564191 0.348576 1.8868 0.588323 0.359861 0.407249 0.326022 0.487631 0.531116 0.294066 0.372833 0.305533 0.267583 0.18655 1.1321 0.425739 0.528273 0.67264 0.142874 0.296728 0.59224 0.155658 0.133017 0.0970027 0.597697 0.493808 0.445107 0.263819 0.14369 0.127298 0.485109 0.571886 0.872643 0.431974 0.418976 0.942633 0.209099 0.707318 0.456045 0.892403 0.85995 1.95493 0.781406 0.528541 2.43924 1.20301 0.342189 0.929121 0.263819 1.36552 0.583655 0.257962 0.411356 1.7609 0.531609 0.507717 1.81655 1.97494 1.41126 1.66372 0.899052 1.50692 1.03265 2.23796 0.340128 0.780735 0.773375 0.85683 1.49977 0.24866 0.149417 1.08839 0.815485 0.658295 1.50002 2.41255 1.0973 0.990915 4.21539 0.451255 1.37538 0.943671 0.274672 1.12838 0.384416 0.302202 0.237885 0.345327 0.27959 0.21921 0.211249 0 0.188464 0.225294 1.8414 1.4937 1.94566 2.64474 1.23251 0.198812 0.330924 0.238869 1.45837 0.455892 0.321077 0.564043 0.0698842 0.527172 0.301599 0.350185 0.455919 0.702874 0.257141 0.198216 0.287796 0.53514 0.497824 0.311337 0.921038 4.73657 2.45285 0.736915 0.504086 0.0793266 0.809507 1.25197 2.23044 0.844557 0.209705 0.764051 0.393692 1.23527 2.00624 2.60996 0.316085 2.01594 0.6065 0.336336 1.40911 0.986565 0.0928504 0.779054 0.198411 0.866852 0.233888 0.451431 1.13049 0.596906 0.0929043 0.438721 0.366388 0.771955 0.0942602 0.487993 0.952103 0.494083 1.67837 1.65052 0.0509519 0.489252 0.157018 1.3634 0.618224 0.458806 0.459482 0.346884 5.88282 5.48439 0.384466 1.87237 1.68987 0.459317 5.44009 0.45577 2.99966 6.35392 4.7803 3.38565 1.45794 1.20636 1.34377 0.693035 0.204998 0.176004 0.790515 0.147782 3.06471 2.08616 0.393751 0.344131 0.244461 1.27546 0.314636 1.62985 2.77173 0.0685824 4.95385 1.50462 3.39936 0.894882 1.29959 1.80175 0.345564 1.11098 1.36451 4.42259 1.73662 6.52826 1.11314 0.997576 1.63556 3.53521 1.15429 0.144731 0.251385 0.081542 0.0364671 0.0775038 0.518445 0.0770775 1.83302 0.161621 1.75863 1.69407 0.723858 0.332972 1.12958 1.19932 0.415251 0.247238 6.06396 3.14765 0.436947 0.243469 1.99486 0.128901 0.824079 0.80622 1.54507 0.454043 0.882991 0.354871 0.700541 1.68659 0.351211 0.510145 1.22049 3.06642 1.51652 0.336979 7.24849 4.67614 2.68675 5.22224 0.807436 3.0012 2.7274 1.05094 1.26907 1.4317 0.676987 0.270708 0.100606 1.23799 0.608673 1.06673 0.521749 0.81796 5.45779 5.30199 1.73531 5.03567 1.0197 1.90301 7.26043 11.207 1.52391 5.0234 0.674887 0.212735 1.62853 0.656453 0.0903845 0.19355 0.0802628 0.525724 0.307285 0.274539 0.460734 0.207128 1.39224 0.166316 0.570314 0.109009 0.0960552 0.727276 0.104208 0.290743 0.0981309 0.169965 0.279317 0.472856 0.342382 0.16909 0.257884 0.132107 0.233575 0.182415 0.276757 0.143162 1.48697 0.450802 0.385301 0.180497 2.56745 7.71635 2.02092 0.906277 1.99103 1.92196 1.07263 0.777788 0.636354 0.294843 0.348681 0.662143 0.363525 4.02905 1.45303 2.51407 0.259677 0.560998 0.533051 0.341781 1.14167 0.405056 0.206022 0.374524 0.192619 0.474832 0.659888 0.814818 0.907485 1.21431 3.33279 2.33446 1.35965 0.58221 1.03311 0.678059 0.501824 0.819547 0.29072 0.408973 1.33578 0.563369 0.167933 0.489184 0.698668 0.653475 0.0933705 0.586234 0.296743 0.188495 0.0955794 0.258435 0.148059 0.333605 0.750208 1.17939 0.182394 0.640456 0.381081 0.273956 0.802439 0.876644 1.30701 0.914766 0.191731 0.367327 0.826781 0.376647 0.391776 1.043 0.125805 0.0668795 0.445728 0.272459 0.373162 0.0873294 0.403182 0.514941 1.30998 0.121483 0.135172 0.484977 0.920219 0.791925 0.409349 0.553437 0.255978 0.166669 0.689998 1.18356 2.42973 0.258163 
0.845422 0.895102 2.44752 3.02284 6.18921 2.08931 0.193939 0.540482 0.427096 0.669165 0.228098 0.0261613 0.428284 0.818408 0.321065 0.404512 0.580451 2.27397 0.117762 0.570554 3.91153 9.71395 10.3019 1.72052 0.327643 0.208544 0.437341 0.862961 0.480349 0.160234 0.0798908 0.339514 0.423223 0.550158 0.465889 0.10013 0.238023 0.447979 0.229318 0.360907 0.171577 0.184238 0.318981 0.368994 0.576449 0.263907 0.751031 0.776207 0.287805 0.189313 0.853084 0.543704 0.13465 0.600415 0.234632 0.139717 0.0263203 0.0387945 0.507603 0.233398 0.487771 0.441639 0.13393 0.518164 0.915396 0.638406 0.492174 0.287089 1.15738 0.892365 1.50909 0.838406 0.898315 2.15334 2.5981 0.811898 0.140975 0.0867243 0.302386 0.218528 0.235777 0.336942 0.183491 0.297388 0.38423 0.176752 0.847967 1.68283 0.357538 1.12024 0.219414 0.0996937 0.220604 0.254655 0.600147 1.01379 0.433348 0.977332 0.374989 0.24727 0.0838678 0.0985272 0.0988296 0.0887351 0.293155 0.4992 0.342563 0.153857 0.329045 0.95473 0.583808 0.207228 0.521835 0.767011 0.555219 0.448098 0.0991216 0.36166 0.726496 0.314982 0.310177 1.35175 0.486731 0.524116 0.367597 0.272725 0.193455 0.539318 4.2829 1.08203 14.5882 3.34087 0.587443 0.457698 0.900478 2.01629 1.4131 0.245114 0.358381 0.144993 0.906531 0.838179 1.16049 0.235042 0.753595 0.878885 1.15188 0.171702 0.363514 0.506713 1.11061 0.316121 2.3249 0.649635 1.24322 1.11596 0.718304 0.858791 1.80967 3.28991 0.819904 0.30118 0.388083 0.214362 0.162573 0.440408 0.970116 0.256909 0.181053 0.119288 3.01047 2.36312 0.51607 3.26195 1.81136 0.554864 0.378713 1.20231 0.61564 2.22876 1.26093 2.54307 3.8554 0.221632 0.608641 0.609069 0.583519 0.496349 0.990893 0.77805 0.368588 1.04837 2.73916 1.0243 3.99324 1.54025 2.0561 1.30339 0.232946 0.76665 1.09178 2.52826 1.78493 1.08947 0.248532 0.183239 0.867673 0.95438 7.12029 2.06413 6.06725 1.7627 3.13621 2.60556 3.18291 1.56711 1.71835 1.2574 3.44531 1.31642 3.83045 0.756338 2.8548 0.561676 0.314158 1.26145 2.25751 6.13181 3.85581 8.24609 5.66836 2.58489 0.185221 0.256569 13.6087 3.34646 0.867403 0.335432 0.026614 0.293551 1.48511 4.4748 0.552905 5.34571 5.05812 5.43215 1.23671 0.223667 1.32977 0.572299 1.56861 0.468652 3.12377 0.478724 1.97125 0.902989 0.922428 1.21499 0.933663 1.40199 1.12292 0.464922 0.307659 2.89805 0.792603 0.281373 1.13001 0.188201 0.215305 0.0840801 0.44726 0.28632 0.0942634 0.0746207 0.292026 0.217673 0.18636 0.517809 0.0531917 0.430332 0.469824 0.115503 0.851971 0.761464 0.180906 0.210151 0.183878 0.367704 1.36479 0.95591 1.2901 2.10926 0.409613 0.23404 0.296125 1.01408 1.35296 0.554701 0.189715 0.95844 0.206136 0.202179 0.453368 1.07675 0.688094 0.362765 0.213841 0.304088 0.314148 0.132892 0.495954 0.60977 0.317936 0.283376 0.228253 0.0503208 0.737879 0.122975 0.130646 0.226692 0.623451 0.273547 3.26005 1.08407 0.664211 0.754247 0.626442 0.315268 0.114824 0.068541 0.244539 0.38359 1.82904 0.924144 0.173026 0.100452 0.422905 0.886929 0.450854 0.55405 0.901075 0.508763 0.453832 0.132488 0.601906 0.369341 0.968218 0.209477 2.31803 0.21547 0.255835 0.591433 2.09825 0.638009 1.76178 0.378648 3.40295 1.45496 0.376643 1.4937 0.104598 0.474596 0.150333 0.154916 1.00454 0.91886 0.473831 0.642925 0.238706 0.259005 0.716842 0.324275 0.358686 0.302282 0.273676 0.379078 1.05539 1.86127 0 0 1.69859 2.64165 0.381106 0.435616 0.911997 0.635227 0.0765578 0.21169 0.829786 0.386134 0.0653099 0.123121 1.1786 0.660825 0.442638 0.35113 1.3635 1.45343 1.08711 1.02326 0.642849 0.843007 0.522446 0.947082 2.87764 0.929607 0.374813 0.650442 0.223087 1.02563 0.718341 1.18124 0.747789 0.830882 1.16567 0.36988 0.296933 0.690096 1.0053 0.953432 0.887961 6.80441 1.83101 0.25277 4.00005 0.632417 1.04667 0.868908 3.02454 1.03359 0.106091 0.318586 0.629289 0.927526 0.329851 0.344763 0.451409 0.575193 1.16529 0.764871 0.245943 0.587846 0.338652 0.130335 1.09766 0.311821 0.356703 0.199522 0.256882 0.788193 0.500233 0.937134 0.128765 0.371872 0.539826 0.657417 0.516492 2.31272 0.261323 0.123381 1.50242 0.344409 1.66775 0.305356 0.713729 0.485922 0.118833 0.0765999 0.317469 0.391477 0.574478 0.329139 0.717551 0.0600314 0.0121951 0.0408816 0.132415 0.590448 0.396953 1.69216 1.18767 0.671966 0.531242 0.594227 0.0558254 0.0277778 0.0811572 0.0561321 0.845302 0.277894 0.760329 0.259255 0.682156 0.943613 0.412844 1.18573 0.10905 0.175123 0.2013 0.183801 0.243549 0.134919 0.162349 0.111035 0.218305 0.255752 0.0265845 0.116817 0 0.0228334 0.201621 0.106434 
0.881783 0.401654 0.900689 0.271492 0.527612 0.380097 0.937613 0.433729 0.240658 0.0656377 0.123049 0.129755 0.852638 0.504836 0.341717 0.310212 1.98774 2.08858 0.859226 0.52625 1.58364 0.825821 1.9075 2.35661 1.40269 0.707436 0.757055 0.0562273 1.74794 1.46148 0.0274178 0.518239 0.211151 0.311864 2.93184 0.581273 1.47062 0.826884 7.25901 0 0.442815 0.555176 2.18716 1.43899 0.271124 0.962703 2.81735 0.918622 0.18077 1.59908 3.81379 0.658778 0.286378 0.481619 1.53987 1.35536 20.9385 2.45257 4.12729 8.40699 18.1713 2.694 3.22309 1.67834 0.373832 0.0942964 0.0807878 0.310059 0.330417 0.146492 0.146037 0.213493 0.0895134 0.154884 0.759632 0.717981 0.414001 0.804654 1.55093 2.16722 0.198847 0.676011 0.598628 0.249845 0.541647 0.644879 0.0125 0.0913647 0.31729 2.57343 0.759762 0.427998 0.259506 0.307919 1.40248 0.548307 0.903508 2.15224 1.57034 0.147887 0.510871 0.587125 3.73404 0.58125 0.872693 0.373658 0.412396 0.199644 2.95753 1.91419 1.37451 0.723244 0.809223 0.348635 0.944382 0.683055 1.32918 0.798712 0.450515 0.336122 0.146687 0.524626 0.316046 0.494881 0.551648 0.635452 0.614221 1.01104 0.666485 0.738049 0.424335 0.724517 0.901562 0.779562 0.615962 1.06155 2.11439 0.394841 2.3222 1.66165 0.918563 0.791341 0.795575 2.48502 0.601245 0.199208 1.33808 0.451003 0.774621 0.81475 0.469042 1.43228 1.23985 2.42752 1.76255 1.37913 2.4988 8.64146 4.10911 0.417527 2.48124 0.148192 0.435408 0.519046 1.75383 1.27085 3.04958 3.23957 5.14953 2.69661 2.07052 7.25501 3.27185 0.551891 1.26578 26.2628 0.580986 0.236459 0.984116 0.222874 0.57041 0.895571 0.566797 0.238574 2.40247 0.58828 4.07222 2.18343 0.515491 2.34594 0.44858 0.726211 0.194425 0.105204 0.26347 0.214912 0.0506614 0.124347 0.0785514 0.0866489 0.214599 0.178456 0.215695 0.0970176 0.135048 0.188876 0.0411115 0 0.053078 0.0946477 0.157479 0.0556862 0.657728 0.374031 0.118464 0.191592 0.163048 0.573308 0.0874178 0.378525 0.0920548 0.129515 0.103956 0.168519 0.0153846 0.152186 0.0547591 0.0126582 0.0876398 0.141548 0.186197 0.0703904 0.0462776 0.411938 0.0410181 0.0601986 0.287384 0.213481 0.432755 0.650064 1.13009 0.150648 0.129109 0.108879 0.21075 0.368907 0.412197 2.15911 0.745939 0.404114 0.349563 0.199141 0.0591554 1.4202 0.0551815 0.0902371 5.54358 0.940951 4.5679 6.85621 1.32667 0.270157 1.08139 0.250677 1.7326 1.92918 0.993897 0.255194 0.476019 0.262776 0.179637 0.0772069 0.192597 0.14456 0.0877067 1.57685 1.4913 0.889853 0.694361 0.570269 0.821645 0.76258 1.12611 1.6689 0.272092 0.5599 1.99005 1.49147 0.213139 0.472505 0.609827 1.40105 0.223457 0.735089 0.583055 0.151785 0.829203 0.717974 0.412922 0.137826 0.825618 0.888749 0.437109 0.907985 0.224779 0.411049 0.320217 0.609107 0.326101 0.106064 0.391679 0.474208 0.42867 0.445684 0.296735 0.721918 0.395941 0.20431 0.909805 0.215854 0.801134 1.21297 0.679314 0.182162 1.17379 0.671058 1.06754 0.617356 7.53456 1.20164 0.344653 0.941431 1.62665 0.332929 0.211913 0.102349 0.933091 1.30064 0.852419 1.56681 0.487009 0.826883 0.406591 1.2485 0.106433 0.236623 0.203896 0.0682107 0.295016 0.144128 0.0281385 0.120643 0.39213 0.168128 0.0444359 0.876583 0.627792 0.429766 0.447214 0.235801 1.80195 1.00845 0.945574 0.501952 2.26082 0.167343 0.729479 0.699885 0.646713 0.500833 0.364342 0.274339 0.831446 0.222607 0 0 0.188998 0.320198 0.382125 0.534181 0.483498 0.550362 0.141981 0.296831 0.618315 0.7074 1.75955 0.837924 0.866576 0.450873 0.0960934 0.163088 0.574138 0.379099 0.520416 1.16756 1.25945 0.217934 0.213606 0.179211 0.612342 0.721752 0.407858 0.15159 0.409755 0.136188 0.326774 0.186655 0.719401 0.946537 1.07211 0.228725 1.03116 0.60709 0.89087 0.349742 1.89799 3.39042 3.79999 2.5105 0.292094 0.297173 0.263881 0.482496 0.363297 0.494486 0.10437 0.182804 1.03109 2.2823 1.04153 5.20238 0.533484 1.35507 0.66303 1.83437 0.235568 0.795223 0.298658 1.22785 1.62582 0.514648 2.54795 0.962408 0.159609 0.374868 2.11609 3.43613 1.37377 0.200455 0.704212 0.383133 0.640537 1.38593 0.0305747 1.32894 0.0117647 0.741205 0.834358 0.438454 2.46113 1.1846 0.626028 1.55259 0.297138 0.880131 0.273293 0.249976 0.274031 0.283159 0.515155 0.206681 0.19339 0.232151 0.23811 0.117737 0.171837 0.314417 0.194723 0.0893624 0.392008 0.139945 0.0790323 0.196392 0.221758 0.0138889 0.170215 0.177722 0.418809 1.04734 0.753209 0.251815 0.440043 0.539056 0.604674 0.355485 0.338659 0.16079 0.164011 0.233323 0.112787 0.435755 0.356205 0.171003 0.556425 0.0552457 0.166701 0.142284 0.181815 0.0847969 0.183023 0.300941 
0.460368 0.280517 0.658778 0.335377 0.126288 0.320522 0.18714 0.479046 0.247463 0.229447 0.472789 0.486632 0.247829 0.253805 0.503427 0.79344 1.09549 0.535314 0.489194 0.997832 0.195418 0.354513 0.851836 0.916336 0.912066 1.64954 5.69973 2.42878 0.616122 0.18235 0.988347 0.23614 0.431607 0.533428 0.416397 0.153638 0.372163 0.505621 1.89442 1.77907 5.33467 1.99562 2.99388 1.66553 0.415106 0.837048 2.02241 0.72641 0.566882 0.519106 0.169956 0.350729 0.387988 0.847536 3.20425 0.232089 13.2446 4.90045 0.731393 3.21407 0.815992 1.16456 0.635358 2.98278 0.751168 0.443729 0.29833 0.537847 0.384036 0.271049 0.155009 0.456894 5.1587 0.822431 2.37752 4.22004 11.2314 0.450077 1.98915 5.88509 2.98813 0.318468 0.399772 0.0957491 1.20279 1.66349 2.34844 4.08787 0.732371 0.837278 0.395343 0.885115 0.11104 0.165671 0.0680235 0.101528 0.233142 1.06157 0.466368 0.769988 0.313658 0.108665 0.339656 0.681358 2.71438 4.89867 2.00556 0.765903 3.12797 3.03151 0.306425 0.961291 0.67824 0.610894 0.518908 0.531183 0.159665 0.571034 1.12053 1.52006 0.461207 0.34619 1.23099 1.1161 1.13557 0.531052 0.21284 0.70581 0.295322 0.995779 0.331424 0.425572 3.30053 5.08168 0.71537 0.410712 1.93153 0.773258 1.15326 0.62489 0.313187 0.374972 1.2177 0.303809 0.680312 0.527634 1.20179 0.449487 0.215595 0.801554 0.368839 0.190357 0.614843 0.0305789 0.318192 0.131889 0.495772 0.852132 0.603616 1.04435 0.176343 0.769396 0.409205 0.160981 1.15411 0.262763 1.126 0.679563 0.406659 0.211162 0.255111 0.686634 0.623269 1.34171 0.20167 0.153067 1.74075 0.26914 1.19681 0.739344 5.80318 5.08419 0.913514 1.61099 0.280155 0.244367 0.0788348 0.441763 0.37665 0.448242 0.129063 0.0648993 0.717547 0.870999 0.0641576 0.278005 0.449065 0.162137 0.488246 0.348316 0.322417 0.577318 0.335473 0.420436 0.33706 0.379422 0.636472 0.433007 2.60264 0.626299 1.32573 0.973877 0.3271 0.235877 1.10494 0.391959 1.79613 0.746052 0.631095 3.02145 0.142404 0.758892 0.14134 0.412891 1.10483 0.665523 0.701189 0.187242 0.188524 0.318285 0.287253 0.0906659 0.141631 0.0984335 0.336196 1.0582 0.927046 0.387806 0.4315 0.454279 0.506299 0.55991 2.06804 0.763394 0.79705 0.426942 0.274628 0.130249 2.56422 0.677045 0.489357 0.846669 0.27402 0.377823 0.110087 1.08203 0.730064 1.75862 0.466473 0.802373 0.668065 1.00354 0.386499 1.99249 1.26861 1.5708 1.51105 1.38127 1.77556 1.37386 0.425496 0.844399 0.367525 0.277017 0.183062 0.158629 0.241205 0.509521 0.219402 0.371182 0.538316 0.469667 0.572757 0.343506 0.122938 0.272924 0.586688 0.763637 0.134565 0.119706 0.34728 0.489355 0.583935 3.16414 0.501142 2.03992 0.305928 0.663038 0.397455 1.15296 0.861979 1.36709 0.294298 0.395748 0.219442 0.253865 0.315154 0.810202 0.338394 1.13369 0.570081 0.572178 0.665655 0.76157 0.735476 1.11412 0.469769 0.724109 0.194983 0.54391 0.162271 0.351309 0.577912 0.727962 2.42966 6.41237 0.641788 4.58257 2.68556 0.816364 2.2702 0.817286 1.25096 1.06019 0.355466 0.229451 0.663986 0.465769 0.238844 0.488738 0.348365 0.642236 0.338079 0.535922 0.31099 0.305028 0.033279 0.193308 0.955275 0.320249 1.61137 1.85137 13.4945 8.14634 3.16011 2.53353 2.73455 4.46721 0.592067 1.50112 0.660112 8.90825 3.67139 0.641194 0.738344 5.98672 8.30868 1.15303 0.904558 2.2393 4.06723 4.2525 0.474359 0.864434 0.567523 1.89839 2.40938 1.33397 0.593599 1.53945 0.399606 3.02259 1.00931 1.87956 0.02375 0.0506329 0.331777 0.310893 0.181695 0.279123 0.214778 0.0607506 0.232152 0.124034 0.0504202 0.0925864 0.425451 0.122451 0.559379 0.127289 1.12564 1.68329 1.2381 0.518642 1.17926 0.630178 0.308601 0.479605 0.235816 0.0776127 0.0451465 0.0607193 0.14928 0.0613959 0.0958669 0.0153846 0.13606 0.0987084 0.299663 0.0399267 0.258804 0.0760608 0.366643 0.344185 0.57683 0.56964 0.612714 0.246239 0.076324 0.0536637 0.398611 0.258315 0.135852 0.63995 1.40905 0.591957 0.257713 0.267113 0.928498 0.339884 1.95917 0.570583 1.5584 2.88063 0.427965 0.252405 0.132689 1.10911 0.523617 0.436646 0.357008 0.159457 0.207073 0.177482 0.0925688 0.755994 0.431182 1.47313 0.22155 0.48517 0.517651 0.50675 0.343487 0.247761 0.343066 0.465296 1.40546 0.655187 0.0401554 0.246805 2.11197 1.19536 0.730771 0.100088 0.156657 0.1973 1.24883 0.707521 0.047024 0.169149 0.743427 0.472521 0.529598 0.799529 0.48697 0.72694 0.394933 0.366663 0.955573 1.68239 0.189216 0.449154 0.243857 1.04165 1.15843 3.11933 0.368097 0.730569 0.44265 0.335608 0.253782 0.44883 0.616736 0.38798 0.0428818 0.0374346 0.16853 0.066995 0.0952115 0.115567 0.137311 0.0969376 
0.672846 0.552204 3.6192 2.67487 1.61022 1.79297 2.27641 2.1317 8.1389 2.25134 5.05124 8.9641 1.10952 0.621224 0.307952 2.21613 11.2835 1.89273 2.36107 3.73277 27.9639 13.5497 4.68365 1.52867 3.90987 5.97889 0.327342 0.962708 0.995813 0.811723 0.818443 0.126054 3.04541 0.644988 5.5778 1.50054 1.28393 1.71123 2.93299 2.62044 0.273542 0.39158 0.486406 0.526621 0.616859 0.20915 0.190835 0.0812242 1.22188 0.713322 0.317523 0.935505 2.20443 1.44508 1.14306 1.07834 0.745547 0.608314 0.314745 1.82698 1.63766 1.69437 1.24164 0.467949 0.831143 0.230575 0.431863 0.599812 0.0818758 0.438631 0.107484 0.0395999 0.43842 0.379043 0.100457 0.35653 0.245141 0.277158 0.189687 0.0875092 1.52941 1.13259 1.08478 1.02073 0.491027 1.38324 0.329134 1.68974 1.39956 1.22258 0.845904 1.09209 0.42728 0.497739 0.471067 0.562753 0.536825 0.324762 0.43381 0.398284 0.32462 0.709728 0.323117 0.253678 0.146179 0.1204 0.546652 0.352138 0.0298574 0.343226 0.135321 0 0.445943 0.128147 0.156145 0.38961 0.528579 0.0973603 0.155035 0.252511 0.227205 0.285318 0.142945 0.282045 0.287082 0.136889 0.0761219 0.11365 3.1285 3.54626 1.28943 0.782442 0.878756 3.66904 1.02176 2.91272 0.744159 0.60184 5.51537 0.222465 0.951291 1.76428 0.508166 1.12915 0.11727 0.152734 0.0968361 0.109326 0.655021 0.455964 1.57334 0.244193 2.96455 1.35339 1.12112 0.912274 2.0268 0.756856 0.133297 0.377595 0.439015 1.4589 0.318773 0.830503 0.264722 0.332181 0.282607 0.536105 1.42991 0.51834 0.661255 0.388671 0.244806 0.317978 0.12411 0.0507036 0.314124 5.24284 1.66434 1.74589 1.46177 2.52956 0.224116 0.80795 1.31946 3.40623 0.26997 0.250859 1.90178 0.614343 1.49879 0.179748 0.29003 0.105913 0.0772491 0.214221 0.224885 0.111486 0.701064 0.635144 0.756995 0.677297 0.188692 0.216992 0.5901 0.306723 0.212515 0.0356589 0.650533 0.62096 0.734343 1.65297 0.34853 0.20621 0.721125 0.729114 0.225649 0.200663 0.151266 0.132074 1.13966 1.4162 0.674572 0.533577 0.258169 0.299698 0.403131 0.508547 0.304489 0.145112 1.03997 0.120414 0.43987 0.200683 0.507501 1.09026 0.8693 0.386717 0.511105 0.48644 0.212736 0.312886 0.393876 0.0774683 0.234233 0.0640739 0.670952 0.28459 0.22252 1.09293 0.0946912 0.526422 0.243118 0.830165 0.707684 0.31132 0.603344 0.633323 0.156876 0.116774 0.230858 0.155669 0.190239 0.114978 0.0262346 0.23463 0.724529 0.351313 0.0525223 0.120476 0.268108 0.0285312 0.0266714 0.223144 0.179809 0.0780786 0.523132 0.608791 0.20766 1.51562 0.377361 0.109813 0.360254 0.439713 0.158276 0.414953 0.212794 0.333264 0.0942538 0.152396 0.158781 0.244655 0.202731 0.30937 0.318903 0.524319 0.0286935 0.123203 0.0653046 0.145699 0.0659671 0.120772 0.29133 0.0451719 0.286761 0.4018 0.237305 0.146778 0.27638 0.300448 0.4511 0.616345 0.478097 0.445104 0.0648955 0.205319 1.0054 0.742431 0.458586 0.923225 0.314265 0.17415 0.168762 0.118577 0.0463986 0.0754352 0.13579 0 0.303874 0.313306 0.2299 0.0776337 0.202665 0.0233926 0.264803 0.243713 1.02899 0.80301 0.463295 0.326259 1.70794 0.768636 1.90841 0.605649 0.123433 0.211765 1.64947 0.142474 0.0471718 0.199059 0.112885 0.0851153 1.61841 0.436424 0.94904 0.266597 0.105498 0.100428 0.362706 0.389226 0.563659 0.155195 0.377092 0.0407939 0.144423 0.0811221 0.706104 0.781444 0.286989 0.328258 0.266728 0.240222 0.642283 2.10201 0.974532 0.138437 0.105994 0.157157 0.0665351 0.027972 0.0899346 0.133564 0.0884466 0.0541116 0.153912 1.11187 0.174639 0.696592 1.34187 1.21447 0.756027 0.508671 6.20544 2.70559 6.99985 1.22493 0.315968 0.189827 0.422852 0.334312 0.935129 0.372063 0.661225 3.61286 14.0718 2.66536 2.26082 3.86346 1.7151 1.89688 1.06548 3.26897 0.373873 0.197112 0.909903 0.818715 2.69062 2.31473 0.651097 0.25046 0.765517 2.12344 1.76442 0.667334 1.70918 3.38358 4.00785 2.75791 1.99 0.384863 1.38998 0.619833 0.677441 0.883298 3.03264 1.77432 3.05236 0.379076 1.67786 4.0326 1.39106 2.19645 0.843503 0.476562 0.649459 1.3449 0.575349 0.428047 0.698232 1.80385 0.833403 1.51823 0.634982 0.283954 0.129972 0.449041 0.600357 0.407478 0.407407 0.621469 0.0120482 0.317572 0.305366 0.218946 0.668854 0.236639 0.333956 0.105168 0.738696 0.275248 0.775403 1.20535 0.309896 0.0593104 0.643157 0.169384 0.773403 0.189187 0.484794 0.65548 1.40686 4.75518 1.32005 0.826946 1.88193 0.656843 0.342374 0.297253 0.382759 0.339132 1.48755 0.788487 1.4999 1.74656 2.03284 0.271488 2.77691 0.250486 0.516314 0.592433 0.6396 0.150664 0.221042 0.366038 0.268028 0.296288 0.103985 0.434577 0.314036 0.369559 0.314847 0.199356 
0.210518 0.653726 0.762351 1.28622 0.312404 0.246027 0.483929 0.229963 0.110548 0.184307 0.103009 0.108459 0.501261 0.274559 0.255916 0.64269 0.611776 1.84422 0.0608801 0.235 0.587206 0.588984 0.643046 0.172795 0.788592 1.13578 0.723363 0.739307 0.78324 0.369291 0.766926 0.787448 0.633351 1.34779 0.642772 0.583534 0.195214 0.204497 0.4077 0.137684 1.22172 1.27417 0.963679 0.950592 1.48094 0.969249 1.55065 1.36903 0.342833 0.811805 0.191273 0.838256 0.350057 0.72966 0.716553 0.257851 0.408944 0.288008 1.14625 0.318125 0.0641808 0.0868451 0.025353 0.0838568 0.532979 0.294277 0.328574 1.18166 0.951282 0.505513 2.07522 0.0938002 7.75698 4.01757 1.72954 2.61985 2.70656 6.80964 1.57576 3.60914 0.295973 0.924792 0.869159 1.17873 0.403732 0.460379 7.21105 0.965113 0.191484 0.0809104 0.220219 0.235898 0.204191 0.11415 0.21821 0.2797 0.499031 0.132754 0.433733 0.244662 0.217395 0.171258 0.438658 0.547082 0.118443 0.236925 0.131915 0.288737 0.684436 0.287101 0.770932 0.278928 0.795872 0.514487 0.204901 1.02313 0.167274 0.357982 0.160934 0.197458 0.822099 0.744239 0.379901 0.138192 0.135832 0.138116 0.587274 0.366119 0.550986 0.460838 0.694592 0.463513 3.73201 0.663385 0.801054 0.735162 1.2254 1.12661 1.44503 0.736571 0.573627 0.338915 0.998354 0.518591 0.738247 1.34134 0.209797 0.157061 0.796455 2.74027 0.857947 5.01201 5.69413 2.2705 2.20817 4.75634 0.758117 0.531556 1.44567 0.756721 2.90571 1.11388 0.638398 0.360233 0.358455 1.77751 0.502764 0.158577 0.168888 0.564839 1.66409 1.64726 1.35041 0.171408 0.530338 0.532279 0.642738 0.314092 0.218306 0.279703 0.492787 0.337501 0.449538 0.199508 0.28045 0.110844 0.165504 0.252239 1.31781 0.586084 0.144915 0.131729 2.76409 1.8119 0.287647 0.515077 0.452551 0.155345 0.347498 0.610817 0.169615 0.359446 0.374433 0.229045 0.320382 0.280508 0.298774 0.148574 0.965015 4.06031 0.912815 0.572335 1.39515 1.42667 0.258496 0.275157 0.153146 0.0487234 0.595008 0.541521 1.51476 1.06796 0.167736 0.169274 0.722512 0.397175 0.47435 0.144001 0.274796 0.362955 0.498073 0.87647 0.0513526 0.100737 0.85787 0.438918 0.179406 0.316715 0.153926 0.153146 0.156853 0.722249 0.160481 0.0892719 0.918211 0.736023 0.525222 0.196728 0.961666 0.618847 2.5224 0.686387 0.362615 0.272989 0.541936 0.335065 0.963778 1.18968 0.716515 0.144026 0.249175 0.0135135 0.477787 0.228165 0.183312 0.318647 0.378008 0.184489 0.249638 1.55102 0.233553 0.797946 0.163975 0.111615 0.163704 0.117528 0.555 0.346505 0.179794 0.406929 0.149643 0.135501 0.0891123 0.107309 0.176607 0.252092 0.351043 0.781807 0.0426178 0.558328 0.118624 0.915809 0.590418 0.684718 0.147032 0.0630952 1.01329 5.6368 7.30104 1.27278 3.7716 4.7577 1.42569 4.97494 1.08894 0.389583 1.08617 3.63793 0.778484 0.862675 0.987207 0.858269 0.756888 1.40111 0.365887 3.85644 0.716687 1.93333 1.2161 0.231888 3.31164 1.84313 0.689218 0.805553 0.412518 0.974394 11.1722 4.10565 0.822739 0.293623 0.123571 0.117202 0.0651905 0.825865 0.0409483 0.658173 9.28911 0.963764 2.41753 3.33132 4.52816 0.917084 0.321461 0.423846 6.43032 1.24599 4.59934 3.94463 1.46583 1.037 3.69822 0.516305 1.15043 0.383983 3.16091 1.38362 0.144211 0.228699 1.02694 0.580097 0.295844 1.29097 0.648575 0.535693 0.651784 0.311596 0.101848 0.246957 1.68728 2.76215 11.7928 0.688107 0.84166 0.795273 0.4479 2.24869 1.63062 0.788317 0.743913 0.63604 2.17959 0.794569 4.87734 8.49442 0.130063 0.399742 0.254095 0.307296 0.163133 0.0885759 0.737132 0.498973 0.329958 0.594476 1.06725 0.676669 0.470572 0.50298 0.0427892 0.151847 1.06739 2.14452 0.456852 0.454319 2.45628 0.431398 1.07818 0.727758 0.308714 1.59933 0.35508 0.296946 0.582912 0.724595 0.271559 0.309987 3.70027 5.42505 0.802049 1.97827 1.61 0.864028 0.0643955 0.652183 0.779181 3.11327 0.906407 1.3547 1.29688 2.47637 0.365639 0.612527 0.18224 0.371083 0.590958 0.472563 0.986916 0.447576 1.12916 1.02057 0.301262 0.213645 0.212067 0.0937501 0.324812 0.301684 0.452806 0.219984 0.169205 0.147904 0.305703 0.159736 0.246049 0.170969 0.887254 1.44135 0.338424 0.561429 0.165688 0.501581 1.30373 0.239424 0.680059 0.730335 0.244681 0.587943 1.46122 4.08805 0.811462 2.84348 3.33915 2.49115 0.912703 0.397449 1.50171 0.742717 1.73546 2.15871 3.09799 2.25286 0.112491 0.144681 0.8186 0.694697 0.412281 0.293476 0.365609 0.537076 1.27188 1.32403 0.122857 0.102952 0.300725 0.379015 0.182835 0.217357 0.46542 0.290476 1.51815 0.150548 0.150634 0.124259 0.117284 0.332016 0.703302 0.609523 0.328406 0.418621 0.376568 0.482559 0.262069 0.897675 
1.19547 2.40019 2.30817 0.592232 0.187192 1.05788 0.991222 0.580428 0.201176 1.19095 0.491736 6.4051 0.359098 2.77752 2.31571 1.61934 1.25445 0.872495 1.01295 2.38714 1.95299 1.6294 2.21819 0.784414 1.78001 0.275027 0.914249 1.33208 2.38519 1.05113 1.40229 2.89559 0.503126 0.152124 1.14006 0.628936 0.9692 0.580728 0.169016 0.647651 0.245479 0.883455 0.261718 0.188316 0.148631 0.23136 1.46584 0.477904 0.506471 0.272099 0.241508 0.270069 0.482043 0.347166 0.158138 0.427116 1.67185 2.47724 0.358565 0.157873 0.487016 0.930042 0.627032 2.503 0.321014 0.0894717 0.922397 0.89208 0.194545 0.272829 1.16804 1.70254 0.548826 0.239918 0.457648 1.01476 0.491167 0.547954 0.290457 0.22918 0.312493 0.506367 2.36773 0.644715 0.59574 0.177907 1.2436 1.42077 0.388955 0.22531 0.318694 0.464884 0.0906974 0.129608 0.246887 0.180021 0.0893712 0.254673 0.0254183 0.0138889 0.107473 0.189054 0.163129 0.102675 0.319859 0.589535 0.245505 1.75741 0.320328 0.255253 1.81942 1.13754 0.513612 0.369028 0.147962 0.774792 3.0622 5.2747 1.30985 12.8916 1.44018 0.360418 1.63648 0.934861 0.74488 1.3537 0.403932 0.412468 0.160406 1.59612 2.36961 3.12016 0.755675 0.355906 1.44565 3.37406 2.06414 0.675858 6.14455 1.23876 0.147149 0.679283 0.400009 0.798872 0.378606 0.339822 1.67993 0.684657 1.06869 4.49676 9.14005 6.04404 0.653434 0.822432 0.27165 0.367504 0.633562 0.825308 0.65628 0.7781 0.144364 0.554742 4.18152 1.80854 1.27468 1.61667 1.32732 0.934775 1.50235 0.874833 1.21587 2.38726 0.748331 0.601382 0.59659 0.603756 1.60777 0.534948 0.543823 0.11935 0.235458 0.254439 0.102083 0.0539869 3.49032 2.43023 1.06703 0.311426 0.96583 3.89754 0.959417 0.28246 0.562452 0.610667 0.647658 0.450148 0.168732 0.334229 0.1799 0.195488 0.447893 1.04396 0.438027 0.95691 0.241735 0.0875532 0.331984 0.338387 0.378155 1.54518 6.72586 3.39975 0.817305 0.335468 2.16417 1.88556 0.377747 0.190122 0.236428 0.347255 0.637789 2.12119 0.292062 7.09965 3.16997 1.76262 0.796076 0.724623 0.326244 0.377545 0.111183 0.333403 0.351395 0.386814 2.16229 3.7546 0.970572 0.899864 0.683685 2.76308 13.0604 3.03483 0.605993 1.23024 4.51162 1.95183 0.482367 0.582592 0.250574 0.0872594 0.760834 0.618579 0.174656 0.0971157 0.559298 0.338296 0.357195 0.239964 1.69198 2.94118 1.17458 1.89965 0.900931 3.75525 0.519594 0.188986 1.23147 0.384138 0.980706 0.5298 0.338767 0.187154 6.42663 2.05668 0.559902 0.422783 0.256388 5.83009 1.4501 2.32922 0.488024 0.40698 2.06776 0.661405 0.26503 0.232029 0.318706 0.13491 0.517345 0.746232 0.773871 0.741527 0.328782 0.11661 0.702735 0.351352 0.355955 0.964396 0.0881675 0.162628 0.108975 0.174974 0.828065 0.348262 0.438416 0.390899 0.532774 1.59646 1.84565 0.640066 0.397438 0.357104 1.04168 0.49375 1.30771 0.872016 0.457725 0.427046 0.736128 0.594072 0.871156 0.183289 0.151203 0.792718 0.480634 0.486779 0.726955 0.493062 0.269504 0.0520898 0.0396176 0.13337 0.174388 0.141761 0.437445 0.400816 0.338434 0.709291 0.199148 0.0656678 0.0912613 0.137082 0.160215 0.317003 0.115758 0.525065 1.5716 0.757145 0.2616 0.473517 0.269133 0.469085 0.671746 1.78973 0.483348 0.473976 0.675417 0.590837 0.721043 0.433159 0.965931 1.11554 1.15495 1.40422 0.572302 0.664559 0.178216 0.260624 0.488591 0.284437 0.308391 0.32039 0.993124 0.248558 0.579786 0.376671 0.173625 0.0639472 0.111416 0.0676506 0.734616 0.265588 0.397824 0.320121 0.324495 0.500973 0.160843 0.452289 0.166603 0.15674 0.424422 0.106304 5.05825 2.33765 5.82336 2.00576 5.24151 2.04277 3.63002 4.51186 0.05902 0.0437038 0.0247495 0.0687059 0.312857 0.515003 0.858024 0.579795 0.653932 0.0908572 0.78872 0.242707 0.612913 0.594406 1.22713 3.20872 1.30388 0.136913 0.322504 0.166087 1.64363 0.188423 0.399922 0.315773 2.55608 1.54218 2.24544 0.79666 3.4767 1.94426 1.24002 0.817979 0.158958 0.19182 0.558762 0.268148 0.0513153 0.0658048 0.124822 0.0683165 0.488564 0.179171 0.134405 0.334354 0.999205 1.96321 0.64394 0.309973 1.5142 0.790657 1.98535 1.67302 0.982059 0.712653 1.19511 0.314873 0.243441 0.220492 0.452445 0.943198 0.959136 1.69525 0.589058 0.504453 0.682376 0.313264 1.15897 0.336982 0.859468 0.182829 0.11917 0.0826408 0.320598 0.604006 1.6404 0.651499 0.145 0.492412 0.0116279 0.247901 0.172792 0.105198 0.909376 0.225556 0.212709 1.35986 0.506436 0.729488 0.512295 0.327597 0.240013 0.162995 0.349901 0.122452 0.170471 0.375274 0.109847 0.592558 0.159348 0.201359 0.242218 0.513732 0.675753 0.234574 0.971131 0.766595 0.785605 1.03568 1.37877 1.17928 0.152783 0.522371 
3.43256 2.15087 4.03029 6.12048 0.999871 0.426435 1.73935 2.37407 1.82468 2.85826 3.64236 2.98918 0.783467 4.34135 0.564006 0.530499 0.374319 0.235916 0.672401 0.336156 1.1332 0.236528 0.782185 0.203626 0.682374 0.439229 0.328931 0.162044 0.467237 0.227165 0.307496 0.971604 0.462633 0.824844 3.39418 2.80222 0.638409 0.833052 0.302261 0.148232 3.29526 1.65032 1.32949 1.30976 2.06592 0.946534 0.188841 0.25447 4.09042 1.42082 2.1771 0.648289 0.537654 0.480091 1.6139 0.34365 0.936838 1.9019 0.929915 0.368011 0.874756 1.27679 0.983015 0.479696 0.215656 0.0253165 0.546676 0.157061 0.472575 0.171155 0.765329 0.627074 1.05208 1.49952 12.8156 1.59013 8.58131 1.61825 7.91633 2.55683 1.2777 1.05675 0.529501 0.832643 1.63631 2.13046 0.452989 0.813382 1.92123 5.20203 1.78812 0.286259 1.47682 0.908639 7.42231 1.02287 0.214944 0.537796 0.463383 0.466586 0.169499 0.233752 1.16701 0.358133 0.350014 0.377266 0.316522 0.0916001 0.604453 0.493314 2.10831 6.03562 0.352399 0.186472 1.77709 0.578617 1.13256 0.471755 0.123889 1.52954 0.290186 0.517406 0.641479 1.58995 0.49613 0.827071 0.107015 0.289756 0.262119 0.123608 0.227886 0.441589 0.440991 0.222776 0.514503 0.176873 0.196932 0.193625 0.487073 0.157588 0.27994 0.44401 0.0781471 0.28425 0.31666 0.155627 0.183346 1.38211 0.445209 0.0483444 0.23955 0.269182 0.358458 0.0840676 0.360282 0.0708494 0.682118 0.350524 0.205504 0.276712 0.342035 0.495872 0.883746 0.686338 0.363026 0.371664 0.273393 0.264314 0.471824 0.273416 0.677626 1.31816 0.646114 0.732358 0.465578 0.587102 0.210438 0.319959 0.252279 0.267382 0.209982 0.184237 0.0536919 0.140453 1.38892 1.14547 0.453185 0.570547 0.0871779 0.598145 0.0899193 0.0770781 0.482228 0.806244 0.499518 0.465884 1.07352 0.463579 0.460785 0.497756 0.341607 0.197701 1.43751 0.119216 1.44159 1.92453 0.280412 0.198058 0.0841014 0.327233 0.166282 0.190622 0.999 0.534102 0.206306 0.0805455 0.120815 0.0518293 0.0406466 0.0419048 0.128883 0.513839 0.0411111 0.2257 0.167436 0.23636 0.0609151 0.13461 0.185934 0.107813 0.165491 0.0947145 1.15199 0.715599 0.697212 0.562827 0.374489 0.424304 0.0394506 0.349489 0.214601 0.162965 0.201393 0.0798586 0.448223 0.150772 0.182952 0.286107 0.0486811 0.0961516 0.638011 0.623701 0.430175 0.384957 0.217546 0.217194 3.05057 7.76091 4.31787 1.49021 0.772857 1.15882 1.69337 3.89907 1.36199 1.40622 2.09381 1.25238 0.329719 0.244756 1.31044 0.8246 5.97731 1.41198 3.03797 4.10574 0.152771 0.0996049 4.68578 4.05623 0.170084 0.434999 0.787221 0.904885 1.30001 4.27369 2.28501 1.6866 0.320422 0.0892871 0.350304 0.186086 0.692612 1.042 0.219172 0.415808 0.978788 0.161852 0.435563 0.759367 0.426718 0.644576 0.142367 0.271295 2.89231 2.01873 1.53184 2.03415 0.986017 0.696038 4.76626 7.62964 1.12659 0.826667 3.0365 1.91623 0.296027 0.669323 0.546913 0.480295 0.194618 0.262976 0.184021 0.442873 1.37238 2.3598 1.07667 2.29204 0.339175 0.532037 0.330526 0.0235294 0.0293865 0.169894 0.102645 0.178732 0.415176 1.08593 0.268854 0.162421 0.346922 0.334926 0.662573 0.577615 0.444179 0.314126 0.282645 0.223528 0.167862 0.975348 0.0769183 2.07393 0.187216 0.301747 0.229761 0.203087 0.297801 0.342497 0.205216 0.536127 0.063191 0.0510714 0.138548 0.0263875 0.516837 0.219848 0.202965 0.121129 0.108664 0.139518 1.41205 0.653879 0.663144 0.470153 0.369792 0.207769 0.061569 0.0104167 0.0356828 0.276279 0.391809 0.207103 0.045792 0.0472454 0.48554 0.279846 1.67389 3.91511 0.387774 3.23989 1.95286 0.776907 0.0590783 0.195346 0.284363 0.269185 0.174883 1.62952 0.180357 0.897272 1.77342 5.66643 1.36367 6.46719 2.80065 5.98483 0.68773 3.31298 4.73204 0.54745 0.895444 0.65575 1.18455 0.330396 0.715419 3.35958 0.179702 0.482518 2.23256 1.36759 0.214507 0.0594888 0.432574 0.457599 0.403315 0.435334 2.2568 0.996184 0.351841 0.91401 0.500747 0.72835 0.44357 1.50197 0.468028 0.125679 0.755132 0.516059 0.412748 0.1625 1.57702 3.12271 1.75356 0.702442 2.04317 1.47646 2.05915 1.65504 0.349037 0.444519 0.287792 0.133528 2.96425 0.387828 1.0018 1.62559 5.12507 0.945319 0.405114 0.56944 0.108516 1.40388 0.798797 1.08837 0.321832 0.391238 0.32073 0.382126 0.0988237 0.235001 0.143775 0.523148 1.29963 0.784678 0.108261 0.209595 0.0699945 0.675155 0.900356 0.107529 2.31332 0.593602 0.331497 0.807634 0.465105 0.197146 0.270573 0.108464 0.73419 0.325122 0.244986 0.0383361 0.833463 1.93806 0.210073 1.3396 0.260859 0.731181 0.509934 0.297861 0.115375 0.146987 0.231865 0.167989 0.726984 1.06366 0.546115 1.43977 0.822748 0.278207 3.65417 3.09823 
0.667088 0.715641 1.02707 0.749494 0.327706 0.223429 0.383493 0.480784 0.22746 0.323397 0.268377 0.708184 0.656618 0.147984 0.546134 0.67097 0.263827 0.390125 0.210195 0.278391 1.03957 0.0411326 0.209008 0.20796 0.147879 0.215075 0.301476 0.0635221 0.127149 0.353926 0.377123 0.56334 1.24558 2.27694 0.765797 0.393872 1.67612 0.610947 0.604865 1.06251 0.67039 0.672127 0.378312 0.343755 0.876844 0.524448 0.321272 0.825688 1.19242 1.17138 1.49561 0.330529 0.255572 0.905576 0.962862 1.27785 0.318691 2.25437 0.443564 0.727059 2.64466 8.15374 0.261145 0.759642 1.33577 1.05606 1.18262 0.0931362 1.07721 0.32193 0.685104 0.255798 1.92929 0.848794 0.697747 0.228057 3.24432 2.70652 0.388699 0.159904 0.783773 0.691664 0.604141 0.724082 0.34303 0.24311 0.300674 0.100033 0.143869 1.39052 0.269288 0.742468 0.168692 0.196698 0.154959 0.0688607 0.232129 0.160333 0.181528 0.295927 0.413877 0.192347 0.594335 0.112875 0.296479 0.0424166 0.0995619 0.190414 0.273184 0.491249 0.345718 0.593302 0.114961 0.173063 0.716091 1.28633 0.404078 1.98354 0.430546 0.353239 0.0536368 0.21819 0.305359 0.38155 0.0899058 0.103911 0.144771 0.041514 0.610371 0.370353 0.696775 0.440282 0.659885 0.739946 0.518078 0.0939464 0.819023 0.347931 1.45968 0.697842 0.542282 0.512345 0.296908 0.617657 0.113213 0.0833427 0.236621 0.393346 0.200459 0.205176 0.588157 0.589171 0.628895 2.0301 1.04989 0.49606 0.399972 0.174288 0.0893823 0.0552568 0.221729 0.831584 0.359504 0.566109 0.606416 0.631572 0.183887 0.264327 1.02219 0.766491 0.282208 0.382744 1.1234 0.722662 1.50715 0.796603 2.62678 2.70524 1.09359 0.211952 0.361944 0.429794 0.257845 0.894854 0.175415 0.0624523 0.0703688 0.163768 0.37614 0.0784771 0.322786 0.183826 0.850327 0.614687 0.49378 2.46829 1.21901 0.476769 0.772889 1.05473 0.201231 0.0783648 0.109643 0.256282 0.37116 0.245466 0.893821 0.39818 1.55761 0.448794 0.931717 0.617293 1.11649 1.64924 0.187424 0.942346 0.567466 1.47803 0.360737 0.803968 0.18547 0.216507 0.312873 0.122044 0.515375 0.327208 2.51256 0.931899 0.438449 3.95822 0.0650709 0.0888876 0.241307 0.783271 0.287679 0.80512 0.224286 0.128697 0.196678 0.242382 0.163187 0.306427 0.357534 0.201819 0.337908 0.0448276 0.193769 0.0630518 0.176439 0.239493 0.0959029 0.139769 0.248014 0.829145 0.643857 0.0355246 0.672244 1.4502 1.52553 1.21544 1.3217 1.9748 0.60467 0.512601 1.03376 0.664673 0.367793 1.01786 0.969074 2.24289 0.966039 1.53736 1.61673 4.81297 0.320461 2.27421 0.114309 0.399697 0.544384 0.378158 3.18294 0.620509 5.62656 0.637124 0.67753 1.51821 5.8897 2.69885 0.107102 0.142138 1.07997 0.460462 7.45393 2.86122 10.3298 12.3036 1.77576 2.42564 1.98132 5.28578 3.93446 1.42321 1.03398 1.69756 7.95246 5.27319 0.791237 2.32277 5.89028 2.57675 0.849208 1.81555 1.56599 2.93518 1.44276 1.2015 0.429184 0.278817 0.579079 0.387932 4.49511 1.71663 1.24554 1.47111 3.16873 1.77067 0.753237 0.708226 0.0919393 0.270188 0.192049 0.186509 0.458206 0.422291 0.0849025 0.163782 0.683995 0.334993 0.641548 0.36154 0.276482 0.494646 0.633622 0.501452 0.287333 0.141736 0.545645 0.154107 0.231857 0.317953 0.210131 0.620578 19.2144 10.4675 0.815398 2.46829 4.4981 2.56383 1.85596 2.1643 8.276 0.85329 5.21954 4.48897 0.461984 0.927615 12.2668 0.827866 0.403434 0.50214 0.636414 0.924209 0.980731 1.25205 0.859031 0.519527 0.177456 0.0660797 0.315811 0.222469 0.413755 0.517256 1.71446 3.43261 1.02125 0.858715 1.04784 1.33361 0.875268 0.900297 0.88993 0.463696 0.987572 1.67605 0.0517429 0.642358 0.899908 2.12539 0.837796 2.22739 0.610326 1.03084 0.600602 0.461912 0.422147 0.323799 0.433121 0.102711 0.158429 0.181093 0.0258592 0.148293 0.165292 0.0652381 0.0917329 0.0465437 0.157709 1.39809 0.543469 2.75808 1.6293 2.56159 0.276549 0.106607 0.36849 0.294669 0.781941 0.114446 2.06268 1.36875 1.55271 1.67992 0.115447 0.433757 1.66819 0.453504 0.189136 0.268308 0.364937 0.195796 6.71976 4.0506 0.429336 0.132802 0.619046 0.562937 2.05191 0.617334 0.173638 0.462299 0.037926 0.0621792 0.308182 0.0529762 0.979176 0.330831 0.123458 0.060129 0.208354 0.490886 0.388812 0.212575 0.172179 0.400974 0.422429 0.887767 0.433852 0.786897 0 0 0 0 0.210491 0.186342 0.232356 0.821834 0.129487 0.163811 0.222779 0.0438889 0.160843 0.256671 0.151644 0.629769 0.633805 1.14813 1.328 1.03218 0.414257 0.553197 0.395033 0.503197 0.509164 1.3526 0.226617 0.382234 0.29411 0.231623 0.377414 0.658629 0.439431 1.52464 0.205295 0.750563 0.419225 0.74341 0.469636 0.533418 0.288318 0.433933 0.733286 2.42034 
0.517376 5.27808 2.02244 1.65548 6.73045 0.742432 1.07301 2.11583 2.01469 0.307871 1.06754 0.811553 0.446612 0.209461 0.395325 0.368573 0.828104 2.06056 1.28161 1.24579 0.781238 0.670484 0.0642344 0.0995979 5.8502 4.86772 2.43558 1.81733 0.3582 0.0512256 0.233604 1.03401 1.07735 2.26124 0.689216 0.464164 0.415235 0.178777 3.43405 0.785873 0.561689 3.25934 0.359884 0.434107 21.5481 17.0419 4.53956 1.99667 0.467774 0.168122 1.02241 0.238646 0.287664 0.470673 1.31066 1.72987 0.0917154 0.0998203 0.365913 0.0285773 0.415134 0.285383 0.180681 0.195615 0.106938 0.0272059 0.104135 0.1921 0.863096 1.09025 1.52121 0.475416 0.658383 0.759516 0.18218 0.327493 0.95455 0.317788 0.298459 0.639578 0.637027 0.183874 0.187537 1.29786 0.221822 0.411939 0.0828825 0.199471 0.046048 0.101835 0.246033 0.0935746 0.293773 0.174626 0.352123 0.0879804 1.2169 0.746492 1.26274 0.969072 0.339708 4.91699 0.62009 1.14735 0.558055 0.655833 0.574147 0.170138 0.363228 0.263722 0.902374 0.165007 0.108782 1.08484 0.144767 0.750802 0.322259 0.0133333 0.170869 0.102697 4.17112 5.08509 5.00842 1.61955 0.344728 1.72245 0.343874 0.435999 1.55161 0.292215 2.60709 0.208239 0.265393 0.38879 2.95643 0.649919 0.427217 0.372013 0.394152 0.306353 0.900868 0.794062 0.49649 0.659196 0.177258 0.181675 1.64183 4.58951 3.85178 0.411864 2.83558 0.618759 2.76173 2.26511 1.74898 1.34151 8.88955 1.18512 0.365937 0.278086 0.277104 0.512637 0.57119 1.20442 0.151025 0.771207 0.0951572 0.0784636 1.73448 0.59629 2.34971 0.47285 0.770882 0 0.187798 0.614183 0.1697 0.722238 0.495426 1.09926 1.66816 0.345129 0.155252 0.608899 0.380959 0.319609 0.496185 0.434862 0.175645 0.223686 0.413118 0.46714 1.09052 1.30453 0.68154 0.856892 1.31609 1.19381 0.500843 0.380326 1.55165 0.881153 1.67745 0.631909 0.403803 1.30555 0.347977 0.578113 0.347948 0.142707 0.646191 0.348985 0.302792 0.218371 0.931394 0.354671 0.0706422 0.180485 0.89038 2.08612 0.200926 1.13446 1.25593 0.361257 0.367515 0.238118 0.270175 0.136614 1.05296 0.0899775 0.701974 0.129449 1.82469 0.43372 0.487052 0.572496 0.501415 0.180202 0.603376 0.26533 0.182985 0.93889 1.08435 1.34436 0.627074 0.231231 1.41234 0.547831 0.538606 0.753038 1.20084 1.16855 2.1989 1.01908 2.41641 1.86484 1.7759 3.08373 0.930361 0.49234 0.636154 1.74634 1.10981 2.50944 0.513004 3.79942 0.996468 0.319255 0.179376 0.59883 1.91453 1.52038 1.80512 6.09429 0.755924 0.245464 0.913011 0.628526 2.53148 0.394921 0.243962 0.698855 0.205161 2.71718 0.503239 0.300184 0.601965 1.24184 1.03547 1.5214 1.02763 1.21744 0.696828 2.07692 1.53111 0.350498 0.858896 1.26032 0.955487 0.0569934 0.319625 0.541377 0.130631 1.02934 1.05114 1.44078 0.688758 1.32873 3.71308 3.79115 0.467254 1.02463 0.311226 0.46535 0.0621165 0 1.26714 0.666179 0.49896 0.739931 0.0789515 0.0114943 0.186383 0.127506 0.104535 0.123167 0.0893099 0.352559 0.809753 0.221489 0.226944 0.847796 1.52687 0.792877 0.164604 1.5648 0.528265 1.77035 0.540508 1.47401 0.274032 0.198577 2.7939 0.604916 0.159452 0.231879 0.0383372 0.439557 0.526549 0.757579 0.421584 0.531408 1.01723 0.733233 1.62868 0.96073 0.0372936 3.23017 1.14846 0.343129 0.868789 0.31047 1.27378 0.59528 1.96342 0.517505 0.770961 0.468611 0.401022 0.975266 0.272502 0.713753 0.570805 0.375818 0.077036 0.0810933 0.291889 0.241485 0.192913 0.324946 0.331124 0.554815 0.823543 0.388842 1.05006 0.855666 2.32566 0.34783 0.4515 0.504675 0.284409 0.0410312 0.891415 2.41671 0.761045 0.393782 0.745429 1.88538 1.90851 0.988473 0.0666147 0.60145 0.320955 1.19609 0.280993 0.466602 0.717007 0.106338 0.150059 0.547288 0.480075 0.460404 0.615689 1.07318 1.03352 0.316856 0.0584288 0.0738562 0.0751871 0.0271997 1.35616 0.0123457 0.140122 0.214856 0.0671453 0.0401929 0.163437 0.122467 0.960606 1.316 0.680487 1.76859 1.39028 4.67772 0.227902 0.100313 0.223303 0.12229 1.64055 1.81931 0.544249 0.316448 0.202427 0.416379 2.14655 1.21645 2.13325 1.2741 0.0558138 0.248565 0.588252 0.141177 0.312594 0.241078 0.244562 0.0522705 0.507725 0.428463 0.356398 0.203635 0.226225 0.239788 0.314542 0.24056 1.18253 0.52239 0.239933 0.10744 1.67321 3.74726 0.552925 1.51499 1.86036 1.21461 0.320398 0.707588 3.18567 1.83188 2.27768 1.68497 0.293835 0.78557 1.94016 1.06496 0.644112 0.395449 6.55142 0.809731 1.97552 1.87293 2.0459 0.407701 0.403946 0.749452 0.124189 0.119732 0.0703265 0.0568119 0.784882 0.600545 0.568555 0.242813 0.0809729 0.630396 0.484343 0.449498 0.403407 0.198067 1.03437 0.861003 0.556534 0.999805 
1.67447 2.82651 4.72704 3.18196 5.64564 20.9061 2.59427 3.74018 0.423785 0.529358 0.726209 0.39483 0.0971586 0.289216 4.94935 1.93826 3.92281 4.65445 0.735803 0.748481 3.18734 0.428903 2.64282 2.53771 0.346858 0.251412 0.771873 1.17154 0.466914 0.461401 0.721076 2.39928 1.5027 0.442613 1.37108 0.56028 0.824512 0.949474 0.319207 0.409841 1.07166 0.326647 0.637717 0.210513 0.368713 0.294111 0.193289 0.188859 3.14646 1.67373 0.487382 0.661071 0.0694156 0.0120482 0.210565 0.557532 1.6598 1.78422 2.9242 0.255607 2.83408 0.45955 0.280012 2.07369 2.20642 0.451044 4.14963 4.41585 0.303597 1.23324 2.63364 0.701923 0.653665 2.61711 1.73212 2.80616 3.68022 1.6669 7.24654 0.476194 0.665322 0.865325 14.6145 0.503153 2.40624 0.703518 0.49559 0.159072 4.32224 2.36564 3.14509 0.468643 0.265288 0.210742 0.131174 0.417962 0.25588 0.763379 1.49558 0.505033 4.06592 0.609948 4.66463 2.59426 0.159625 4.641 3.3083 0.63515 0.923331 1.76967 0.305171 0.377677 0.676106 1.35908 0.181752 0.236848 0.433788 0.232403 0.151859 0.747344 0.799003 0.725205 0.235746 0.131983 0.216219 2.74806 0.96175 2.75897 0.426007 2.59131 0.750265 3.19453 0.593462 0.529641 4.86769 0.844106 0.430373 0.204744 1.56412 0.800983 0.408578 2.62913 3.93003 2.51021 0.305387 0.205443 0.591922 0.448421 0.415286 2.07513 0.279064 0.38505 0.177496 0.927123 0.524284 0.432799 0.46509 0.626656 1.31748 1.48592 0.67137 1.28483 12.8674 1.27161 1.97616 7.16081 2.43047 1.81136 0.202812 0.268046 0.766095 1.36584 0.189475 1.29033 1.14056 1.3397 2.55883 2.26 0.646144 0.885501 1.82715 0.391812 0.630121 1.37234 0.550854 1.03412 0.329771 0.832186 0.406119 1.08095 0.519904 0.0740041 1.15371 1.17111 0.596565 1.03354 0.319556 0.459994 0.076661 0.247755 0.232442 0.206971 0.572491 0.0284389 0.660753 0.222135 0.0374194 0.0367977 0.392963 0.60817 0.487065 0.417106 2.29107 1.64519 0.559595 0.792556 0.193636 0.288174 0.417712 0.175686 0.052193 0.349217 0.214457 0.314862 0.496772 0.127316 0.159773 0.790203 0.623134 0.112859 1.24107 0.910307 0.0920954 0.188666 0.200028 0.144223 0.216285 0.107907 0.244635 0.10687 0.207652 0.133192 0.0690026 0.156522 1.31635 0.202123 0.249548 0.685687 0.250933 0.43461 0.506303 0.318671 0.282062 0.564254 0.627312 0.79015 0.420275 0.0899977 0.668868 0.797948 0.767284 0.72144 0.0778364 0.393839 0.394714 0.329973 0.118693 0.133628 0.0848878 0.0251553 0.178584 0.0890499 0.26603 0.500848 0.328852 0.277723 0.094025 0.0994996 0.209579 0.0623451 5.71396 3.39485 5.87889 1.97134 1.71191 7.33225 0 0 0.539822 0.262346 2.58774 1.08347 1.37583 0.671384 0.314569 1.24867 1.27021 0.89547 1.81477 3.40581 0.949967 1.47399 1.89717 1.38919 0.633462 0.272605 0.545927 1.87929 0.113401 0.0104167 0.0644351 0.121173 0.041715 0.154147 0.0108696 0.0474359 0.252682 0.691506 0.447731 0.474434 0.55331 0.163211 0.167296 0.192318 0.215018 0.20624 0.27552 0.382758 0.721862 0.399496 0.0457106 0.691923 0.0269439 0.040472 0.584729 0.102604 0.619563 0.0401392 0.276456 0.197817 0.265769 0.0659568 0.21866 0.0840606 0.392724 0.056087 0.208061 0.228006 0.349644 0.0917621 0.61431 0.324707 0.399146 0.314126 1.30157 0.150844 1.05979 0.108814 0.365527 0.111092 0.802106 1.13652 0.526894 1.36181 0.222263 0.186817 0.642227 0.499403 0.348635 1.21836 0.607342 0.330569 1.05664 0.60032 0.687031 0.306536 0.222564 0.161561 0.22821 0.226661 0.29682 1.02301 0.590298 1.21201 5.618 0.855204 0.983904 1.13516 0.736541 0.287773 2.75999 0.763565 0.808242 0.623532 0.238747 0.610275 1.33907 0.758904 1.82613 7.00147 0.287172 0.473317 0.924744 0.707041 0.321771 0.20363 0.64682 0.838202 0.725117 0.115564 0.234945 0.733189 0.081984 0.311296 0.237974 0.243049 0.701774 0.307515 0.26085 0.234272 0.602684 0.497812 0.46885 0.0651049 1.30941 1.42089 1.06063 1.79597 1.08054 1.70177 1.55541 1.82042 1.35786 0.507374 1.27084 0.647244 0.488468 1.05001 0.993872 0.290059 0.203895 0.865208 0.183097 0.16947 1.31961 1.03054 1.43825 0.401726 0.260668 0.177263 0.518297 0.231128 0.145345 0.130334 0.235825 0.0135135 0.355826 0.126725 0.200694 0.525892 0.429472 0.650008 0.762122 0.410155 0.0529412 0.258714 0.303029 0.0533552 0.121903 0.135263 0.0922472 0.0259784 0.307114 0.291937 0.160869 0.303503 0.111592 0.198349 0.34814 0.168712 0.203202 0.314589 0.169168 0.391476 0.10635 0.185605 0.172706 0.194377 0.177891 0.464815 0.141235 0.100207 0.508955 0.353997 0.594792 0.187219 0.287926 0.454733 0.262939 0.582285 0.518144 0.457647 0.235748 0.134611 0.297743 0.221104 0.451299 0.253064 0.156055 0.583727 0.171278 0.415009 
