206
105.987 97.9046 0 2
215.63 121.27 0 1
156.523 92.4144 0 1
139.861 140.475 0 1
90.1147 35.6449 0 2
247.987 138.712 0 1
78.6515 45.6038 0 2
106.716 51.2087 0 2
107.822 61.4167 0 2
182.296 78.0735 0 1
209.885 195.093 0 1
181.505 68.628 0 1
57.0854 46.0415 0 2
37.4522 3.19481 0 3
52.4871 32.3517 0 2
105.637 37.299 0 1
215.693 198.475 0 1
40.9151 133.096 0 1
52.0093 19.5683 0 2
133.1 87.5294 0 1
65.6857 49.3648 0 2
31.4567 46.111 0 2
156.598 33.651 0 2
105.195 35.0778 0 2
212.958 191.191 0 1
144.584 113.269 0 2
11.5886 71.024 0 2
19.5286 66.0026 0 2
7.87342 2.81817 0 4
136.033 10.6474 0 2
16.8839 6.33077 0 3
6.96601 36.5257 0 3
72.3558 7.62916 0 2
432.671 239.503 0 0
318.716 58.4024 0 1
208.15 71.0195 0 1
271.688 23.4894 0 1
19.9096 90.7938 0 1
317.831 237.285 0 1
25.2509 10.925 0 3
11.5518 25.9774 0 3
44.9732 18.3214 0 3
71.72 56.5318 0 3
1.77199 1.81758 0 3
20.945 50.0881 0 2
19.5904 1.36736 0 4
64.2795 93.6777 0 1
69.3677 1.97278 0 2
78.3786 64.1157 0 2
365.249 134.276 0 0
157.91 68.1174 0 2
157.817 117.78 0 2
67.7109 4.93317 0 3
157.722 37.792 0 2
40.3018 37.3037 0 3
45.6642 93.6568 0 1
2.28801 6.94265 0 4
1.88003 1.64441 0 2
2.07527 58.0696 0 3
311.664 186.692 0 0
103.904 62.771 0 1
274.981 1.69949 0 1
253.854 46.8352 0 1
78.3554 20.1663 0 3
280.39 8.44917 0 1
311.261 69.389 0 1
71.1999 70.2482 0 2
32.1464 69.4325 0 1
112.706 93.7808 0 1
79.1672 27.1044 0 1
9.07549 32.291 0 3
290.678 228.462 0 1
141.161 4.85363 0 2
425.293 383.337 0 0
426.577 381.193 0 0
157.118 4.67198 0 2
13.4908 58.3475 0 3
36.0948 101.168 0 1
29.0752 22.3369 0 3
312.111 53.4139 0 1
638.119 115.556 0 0
277.117 23.039 0 1
143.353 17.2893 0 1
60.358 36.6827 0 1
132.994 97.0477 0 1
634.171 142.276 0 0
198.053 28.0908 0 1
25.12 117.848 0 2
47.8948 40.531 0 3
51.6101 11.7158 0 3
32.2001 25.3542 0 3
316.251 7.90844 0 1
121.017 40.1 0 1
223.039 197.731 0 1
2.05958 1.7009 0 1
495.213 275.682 0 0
159.329 126.725 0 1
17.349 52.3544 0 2
77.7142 3.00395 0 3
78.5239 33.6377 0 3
311.96 63.1466 0 1
53.1475 48.9919 0 3
71.0737 2.75025 0 3
544.314 48.065 0 0
19.9083 2.20036 0 3
107.73 113.458 0 2
69.4562 2.30521 0 1
277.796 282.687 0 0
11.7441 53.7452 0 3
248.869 47.7692 0 1
2.70534 12.8316 0 3
78.5346 16.4506 0 3
37.1353 17.1845 0 2
194.629 99.2308 0 1
30.8707 17.5278 0 2
59.0617 3.89056 0 1
430.398 239.585 0 0
144.228 2.99563 0 1
316.557 70.6913 0 1
627.486 119.256 0 0
2.06397 117.956 0 2
35.3599 27.555 0 4
216.076 119.058 0 0
47.3844 2.32342 0 1
140.991 3.09134 0 1
46.1001 237.759 0 1
66.8359 36.0736 0 1
188.982 32.1736 0 1
317.499 73.3609 0 1
78.4071 58.3555 0 3
379.134 67.4198 0 0
279.101 279.587 0 0
53.2066 17.2168 0 3
637.948 475.995 0 0
23.7919 46.4265 0 2
69.176 52.1066 0 2
47.7086 237.134 0 1
555.23 47.1594 0 0
202.698 66.5155 0 1
3.78161 44.513 0 1
146.267 20.8494 0 1
58.3492 40.3282 0 1
635.691 112.193 0 0
22.2045 2.3707 0 2
12.5609 76.7623 0 2
419.372 388.146 0 0
317.365 137.599 0 1
78.7707 75.656 0 2
152.869 73.248 0 2
118.325 79.4334 0 0
72.634 197.507 0 0
31.2886 13.0673 0 4
241.346 78.7124 0 0
167.134 75.6985 0 1
185.843 83.9835 0 1
213.542 72.8763 0 0
35.4263 2.03936 0 2
15.918 14.3644 0 4
33.7623 1.4651 0 3
118.04 74.9203 0 0
636.274 117.235 0 0
313.541 184.191 0 0
4.29347 18.4801 0 4
365.015 158.581 0 0
93.3743 45.7438 0 2
90.4471 38.0716 0 2
108.551 175.109 0 0
137.914 104.156 0 1
38.6497 32.2603 0 3
74.1651 198.999 0 0
101.878 117.837 0 2
204.775 237.669 0 1
3.89779 1.21934 0 0
11.5729 1.51145 0 4
3.41667 15.0387 0 4
6.24712 13.3858 0 4
10.6313 1.55099 0 3
628.111 121.433 0 0
396.907 58.4345 0 0
279.836 282.356 0 0
212.423 103.392 0 1
397.208 55.8935 0 0
99.2972 48.2466 0 2
45.0046 41.3671 0 1
224.777 107.088 0 1
107.257 59.0907 0 1
550.861 1.17544 0 0
496.06 278.431 0 0
214.11 119.583 0 0
160.075 53.8346 0 0
622.51 140.567 0 0
140.537 1.47415 0 1
315.084 174.408 0 0
116.64 78.0354 0 0
15.8341 16.203 0 4
185.436 47.2719 0 1
28.6448 20.9549 0 2
53.8875 88.4111 0 1
620.607 139.41 0 0
52.547 38.0356 0 1
1.84299 237.677 0 1
22.0298 9.56296 0 4
364.064 136.284 0 0
38.0702 2.17343 0 4
426.99 383.278 0 0
160.116 55.1441 0 0
