0.588235
0.266667
0.230769
0.392857
0.5625
0.76
0.25
0.5
0.4375
0.291667
0.666667
0.416667
0.0625
0.5
0.5
0.5
0.541667
0.73913
0.636364
0.666667
0.266667
0.625
0
0.6
0.541667
1
0.25
0.571429
0.5
0
0.5
0.5
0.4
0.852941
0.181818
0.708333
0
0
1
0.5
0.5
0.5
0.5
0.5
0.25
0.5
0.1
0.4
0.733333
0.642857
0.142857
1
0.5
0.142857
0.5
0.111111
0.5
0
0.5
0.566667
0.47619
0.166667
0.578947
0.5
0.5
0.785714
0.421053
0.833333
0.5
0.352941
0.5
0.3125
0
0.483871
0.580645
0.5
0.5
0.473684
0.5
0.416667
0.294118
0.6875
0.789474
0.117647
0.692308
0.368421
0.190476
0.6
0.5
0.5
0.5
0
0.52381
0.708333
0.5
0.793103
0.333333
0
0.5
0.5
0.461538
0.5
0.5
0.35
0.5
0
0.0833333
0.638889
0.5
0.3
0.5
0.5
0.0909091
0.583333
0.2
0.166667
0.5
0
0.666667
0.368421
1
0.5
0.56
0.363636
0.733333
0.73913
0.176471
0.363636
0.5
0.5
0.434783
0.416667
0.5
0.2
0.5
0.625
0.26087
0.3
0.125
0
0.190476
0.588235
0.470588
0.666667
0.363636
0.766667
0.75
0.333333
0.285714
0.526316
0.272727
0.5
0.333333
0.458333
0.5
0.416667
0
0.5
0.5
0.736842
0.388889
0.344828
0.5
0.535714
0.529412
0.333333
0.681818
0.185185
0.5
0.727273
0.416667
0.458333
0.117647
0.5
0.5
0.5
0.5
0.631579
0.583333
0.555556
0.56
0.5
0.875
0.529412
0.6
0.428571
0.611111
0.655172
0.92
0.388889
0.578947
0.6
0.172414
0.684211
0.5
0.304348
0.583333
0.277778
0.315789
0.117647
1
0.5
0.571429
0.5
0.709677
0.944444
