0.00315457
0.00175131
0.00173611
0.00171821
0.00276243
0.00193424
0.0028169
0.00275482
0.00274725
0.00180505
0.00201613
0.00182149
0.00269542
0
0.00268097
0.00198413
0.002079
0.00203666
0.00311526
0.00173913
0.00280899
0.00273973
0.00884956
0.00271739
0.00201613
0.037037
0.003861
0.00302115
0
0.00833333
0
0
0.004
0.00152439
0.00310559
0.00178891
0.00232019
0.00222717
0.0172414
0
0
0
0
0
0.00299401
0
0.00195695
0.00446429
0.00303951
0.00155039
0.00613497
0.05
0
0.00840336
0
0.0020202
0
0.0526316
0
0.00149254
0.00185529
0.00318471
0.0021097
0
0.00286533
0.00250627
0.00296736
0.00220264
0.00176056
0.00218341
0
0.00292398
0.0277778
0.00172414
0.00172117
0.0555556
0
0.00203666
0
0.00271739
0.00212766
0.00234742
0.00204499
0.00221239
0.00173611
0.00210526
0.0019685
0.0133333
0
0
0
0.0192308
0.00190476
0.00209644
0.0204082
0.00171233
0.00172117
0.00324675
0
0
0.00259067
0
0
0.00208333
0
0.00444444
0.00271739
0.00146628
0
0.00209205
0
0
0.00371747
0.00176056
0.00406504
0.00280899
0.00152672
0.00224719
0.00273224
0.00210526
0.0588235
0
0.00166113
0.0030581
0.00227273
0.00321543
0.00217865
0.00193798
0.00276243
0
0.0017331
0.00146413
0
0.00248756
0.00292398
0.00284091
0.00309598
0.00210084
0.00181818
0.00327869
0.00197628
0.00220264
0.00212766
0.0204082
0.00403226
0.00173611
0.00273973
0.00294118
0.00515464
0.00195695
0.00186916
0
0.00167224
0.00177936
0.0017762
0.00173913
0.00746269
0
0
0.00196464
0.00212766
0.00149031
0
0.00152672
0.00276243
0.00273224
0.00178891
0.00172414
0
0.00186567
0.00497512
0.00249377
0.002331
0
0
0
0
0.00210526
0.00176678
0.00146413
0.00176367
0.00178253
0.0027248
0.0022779
0.00174825
0.00185874
0.00215517
0.00172117
0.00166113
0.00187617
0.002079
0.00229885
0.00149701
0.00196078
0
0.00186567
0.00396825
0.00201613
0.00207039
0.00224215
0.016129
0
0.00154321
0
0.00172712
0.00186567
0.0242041 0.295175 0.216631 0.152525 0.647207 0.63631 0.0979199 0.176762 10.4387 8.74617 0.593767 4.77941 4.65293 0.22223 1.45987 0.107542 0.183508 0.0287873 1.02499 0.988688 1.33393 0.8338 0.0666002 0.0793363 0.217486 0.046404 0.88135 0.0177846 1.97152 2.00167 6.068 0.0704072 0.0830637 0.181079 0.0459025 0.0456533 0.110085 0.0905384 0.0281904 0.0666457 0.0391872 0.151412 0.0695785 0.0265379 0.274944 0.0325371 0.015515 0.0830522 0.077382 0.0198683 0.0739009 0.0224962 0.021078 0.0135231 0.102783 0.105089 0.652944 0.0395277 0.00689063 0.0802988 0.381191 0.474799 0.421653 0.695173 0.0140318 0.143966 0.347718 0.223569 0.0298754 0.052481 0.357784 0.0699105 0.587436 0.832204 0.0152078 0.00275482 0.0198999 0.068862 0.207256 1.63786 2.32498 0.656336 0.204595 3.13584 0.967162 0.37436 2.89265 3.68568 0.062315 0.0805225 0.066288 0.305792 0.131309 0.0716429 1.43876 0.127555 0.146829 0.0358388 0.267531 0.125792 0.0626151 0.0110251 0.0481926 0.0787985 0.920104 0.162259 0.0496953 0.0676573 0.13683 0.13605 0.376147 0.0618555 0.225104 0.505739 0.0506822 0.749009 0.536939 0.0790201 0.0678568 0.0543801 0.015008 0.0195624 0.39435 0.234176 0.00592597 0.0351028 0.0156118 0.0231134 1.27796 0.695326 1.34939 0.333191 0.120967 0.0489465 0.227996 0.208617 0.172815 0.213622 0.0988364 0.111415 0.225729 0.106708 0.146335 0.0107012 0.219186 1.03079 0.158191 0.13945 0.0446888 0.12698 0.0463447 0.0536746 0.311484 0.422679 0.0715045 0.10194 0.0288216 0.037913 0.0485856 0.101947 0.0671864 0.00600103 0.0153018 0.0186185 0.0664894 0.00478391 0.0828894 0.0535541 0.162814 0.19568 0.151421 0.0122288 1.80528 0.725147 1.37992 0.395523 0.027463 0.0721513 0.63307 0.270852 0.132848 0.00631184 0.105722 0.0425781 0.301321 1.61585 0.0257491 0.150312 0.281488 0.253898 0.598491 0.440059 0.26697 0.18953 0.716891 0.711749 0.412195 0.22628 0.0876301 0.248678 0.158455 0.041737 0.100075 0.110631 0.509678 0.147503 0.0171536 0.168175 0.268333 0.107237 0.118866 0.0689445 0.198457 0.0385657 0.00518154 0.0516817 0.0374234 0.00994036 0.0734952 0.129307 0.0415571 0.00653891 0.00959353 0.0357489 0.0596947 0.0141033 0.178207 0.0700747 0.149321 0.0573555 0.0202783 0.0310319 0.147865 0.0584013 0.329991 0.223669 0.0865511 0.126764 0.0325126 0.0912822 0.037365 0.154112 0.316439 0.0377839 0.240038 0.923353 0.40095 0.289423 0.0146941 0.0360425 0.00385351 0.00276243 0.00497276 0.00220264 0 0.00911241 0.160009 0.212075 0.019718 0.0270465 0.104238 0.207905 0.0875237 0.142571 0.0210996 0.00760294 0.0590636 0.0647716 0.02462 0.0606805 0.0525325 0.0912535 1.80305 0.980131 1.54982 0.0884663 3.31633 0.250097 0.815097 0.657453 1.32725 0.199523 0.0260422 0.0832174 0.135438 0.317219 0.710316 0.0312407 0.166379 0.0272494 0.101379 0.028945 0.0505422 0.105182 0.15733 0.0212381 0.0907063 0.133429 0.0868674 0.334197 0.0801588 0.222526 0.0141086 0.254212 0.262652 0.162603 0.120078 0.102514 0.198332 0.226975 0.279143 0.0555297 0.251609 0.46259 0.260429 0.099734 0.110068 0.910861 0.317217 0.544881 0.0961629 0.0340007 0.290396 0.0110098 0.074868 0.0483723 0.566233 0.0882887 0.033613 0.0695789 0.0553183 0.0435455 0.0131815 0.0105835 0.112786 0.102598 0.309054 0.16722 0.0482338 0.0370959 0.583695 0.255035 0.0439918 0.0108824 0.0108625 0.0473412 0.0289032 0.0156099 0.305409 0.0385526 0.0387793 0.148766 0.625358 0.00373134 0.108619 0.0845485 0.158399 1.84577 0.0469793 0.0243778 0.138914 0.267469 0.00761548 0.0309587 0.0824064 0.677802 0.0868652 0.0510242 0.259502 0.25099 0.0488758 0.0741392 0.0991226 0.0169814 0.0191413 0.00782273 0.133572 0.092963 0.0847669 0.0127131 0.0206343 0.0763959 0.191978 0.0321702 0.0155435 0.00487491 0.00638362 0.00755293 0.00636745 0.0174011 0.00388822 0.0144672 0.0381104 0.0482791 0.51307 0.0321085 0.014565 0.0057839 0.00639024 0.00630915 0.0373978 0.00671682 0.0122443 1.38766 0.067594 0.086496 0 0.0214975 0.690304 5.4952 0.920823 0.0173864 0.0246771 0.600947 0.912362 0.608533 0.490711 0.802265 0.0118713 0.0155588 0.0227013 0.00425532 0.0466686 0.025123 0.0668008 0.0119663 0.437001 0.0478836 0 0 0.00394584 0 0.00324675 0.0222669 0.00659191 0.0105326 0.0637709 0.109286 0.107735 0.00983977 0.0615366 0.0689085 0.118677 0.0170716 0.0175993 0.020794 0.0120399 0.0355875 0.0707053 0.0448577 0.013564 0.0275323 0.0242951 0.0133143 0.0675382 0.0245099 0.0318228 0.179452 0.0675711 0.131914 0.428034 0.44052 0.328125 0.070888 0.0720753 0.0533269 0.0408196 0.119124 0.00569915 0.0806443 0.0374839 0.0256947 0.0611525 0.103185 0.0318222 0.00950545 0.133577 0.255631 0.0570593 0.123545 0.0692073 0.0367487 0.0119983 0.0127511 0.142201 0.191143 0.108085 0.00355128 0.236058 0.224007 0.00181818 0.0509163 0.900541 0.0328551 0.0410634 0.831105 0.101591 0.14166 0.011009 0.0618719 0.113321 0.920699 1.61457 0.160203 0.602984 0.00744184 0.0795884 0.0188537 0.157956 0.0443389 0.01323 0.0151207 
0.0895509 0.0222586 0.161187 0.0999354 0.246346 0.130118 0.00971391 0.0327164 0.281908 0.156783 0.473662 0.35127 0.246007 0.0955386 0.200023 0.78339 0.180254 0.436481 1.17623 0.0938883 0.0614669 0.0957826 0.108064 0.0803049 0.0654927 0.205008 0.136634 0.0742089 0.195134 0.259245 0.054407 0.250388 0.878622 0.72428 0.715953 2.01012 0.550146 3.18903 0.156186 0.130479 1.7148 0.514519 0.0129098 0.18171 1.21302 0.0442621 0.257684 0.0616021 0.796623 0.293664 0.127687 0.0550629 0.0309529 0.519721 0.109474 0.0561988 0.0173496 0.0180384 0.0602995 0.0864777 0.128538 0.0320554 0.0631283 0.0401759 0.111541 0.0640725 0.233943 0.275652 0.0290326 0.090272 0.113189 0.035719 0.0852764 0.0655777 0.0706743 0.0206733 0.037252 0.0346577 0.0699821 0.0457743 0.0398663 0.0673963 0.0304669 0.0844907 0.0908245 0.0171334 0.186898 0.392787 0.170186 0.0332608 0.0976913 0.0377659 0.0446352 0.0227899 0.154322 0.0249832 0.699474 0.0765836 0.0298564 0.030896 0.352934 0.278438 0.238748 0.0537488 0.53446 0.0370854 0.0318211 0.0731219 0.0721464 0.0237548 0.0298104 0.0461945 0.144396 0.0508763 0.0159816 0.0238725 0.0478048 0.0116782 0.00201613 0.0118459 0.011654 0.0501565 0.0117528 0.00176367 0.0223841 0.0201746 0.028584 0.0523148 0.968434 0.451091 2.65883 0.180183 0.861836 0.0863006 1.01504 3.24127 0.152933 0.150416 0.0394222 0.0395547 0.376012 0.140486 8.91654 1.25067 0.101594 0.0599282 0 0.0591308 0.0665004 0.267545 1.32069 0.359582 0.0568117 0.195468 0.134395 0.0556271 0.379605 0.0403646 0.697974 0.479515 21.6968 0.134725 2.19269 0.711676 3.34756 1.745 0.0215237 0.994377 0.129884 0.209001 0.0371185 0.208668 0.0248878 0.0553275 0.018604 0.0017331 0.487224 0.0448758 0.0717627 0.0974553 1.15886 1.02178 0.259 1.26889 0.83639 2.25934 0.0159792 0.166224 1.02868 0.245259 1.65101 0.0263459 0.0103157 0.0199736 0.00603152 0.0120919 0.0017331 0.0027248 0.0269699 0.014571 0.00865009 0.00209205 0.0702113 0.0186634 0.00862084 0.00896651 0.0034965 0.0116058 0.110834 0.042993 0.0197681 0.203584 0.0688607 0.0331241 0.026888 0.259918 0.0826611 0.0355298 0.0164308 0.0187447 0.0368143 0.0263711 0.00210526 0.00668136 1.34532 0.276434 0.518362 1.28578 0.0657897 0.0160855 0.163905 0.143629 0.267043 0.118548 0.288734 0.0845213 0.113082 0.410419 0.449044 0.0170351 0.0041841 0.00421971 0.13738 0.0162596 0.0528209 0.0206621 0.00292398 0.0439596 0.55552 0.0840814 0.0780785 0.553416 0.0246276 0.0112224 0.0170668 0.0071891 0.0318217 0.0172791 0.0486956 0.00590157 0.0277877 0.0149875 0.108155 0.140677 0.0169601 0.130622 0.0177514 0.00628666 0.00790929 0.0027248 0.0673679 0.142559 0.0349744 0.00944435 0.0525113 0.0186268 0.0283669 0.0174303 0.0840117 0.0925781 0.00630915 0.00476338 0.0465909 0.0343933 0.0755866 0.0296258 0.0170193 0.0249842 0.0200935 0.002079 0 0.00921967 0.0331612 0.00174825 0.100987 0.0342962 0.00176056 0.0292486 0.0617957 0.0390503 0 0 0.0210318 0.0552091 0.318637 0.0101656 0.0513205 0.0262583 0.0419313 0.0178861 0.0105725 0.00347826 0.179985 0.308367 0.0939258 0.0629995 0.0120951 0.0109358 0.0744478 0.00212766 0.0200306 0.127631 0.0630689 0.129112 0.029831 0.026547 0.0614008 0.0248048 0.163531 0.0111255 0.011219 0.00622449 0.0648651 0.0117998 0.0232107 0.0341953 0.301805 0.454698 0.314597 0.0529134 0.117987 0.0257528 0.184889 0.125073 0.567929 0.272992 0.291983 0.128035 0.0198545 0.0151308 0.0244147 0.01566 0.0873232 0.156618 0.134741 0.0338852 0.0223751 0.0739165 0.0138359 0.0362945 0.0315193 0.0677794 0.0223158 0.0430695 0.0727327 0.0159717 0.0926847 0.00932023 0.124601 0.0990906 0.0374415 0.055873 0.355788 0.059395 0.15351 0.0415959 0.0441962 0.0857249 0.0360188 0.0135001 0.0143266 0.0182524 0.00420175 0.0147507 0.582408 0.202187 0.0440163 0.0982739 0.797643 0.0164564 0.0363933 0.0123816 0.744952 0.0272397 0.129725 0.0600915 0.350553 0.0871072 0.0220737 0.0154489 1.20279 0.112921 0.319517 0.104015 0.742281 0.0882156 0.113372 0.203225 0.105788 0.0106556 0.00273973 0.0021097 0.252899 0.0493577 0.0420629 0.0374407 0.0224388 0.0796257 0.240019 0.0183022 0.314604 0.431853 0.284863 0.0607678 0.0199515 0.142156 0.0870794 0.064728 0.0196733 0.0281766 0.0245862 0.00220264 5.19358 1.30934 0.359012 0.0293433 0.195493 0.0841516 0.959668 1.48588 0.181037 0.858833 0.0551766 0.0192867 0.0381321 0.00660118 3.74734 2.01303 0.62807 0.110865 3.89603 0.567077 0.49812 0.141683 0.575435 0.34641 2.83116 2.0388 0.181838 1.98231 0.54768 0.423629 3.36261 0.0928081 0.243999 0.925948 0.397525 0.184061 0.19065 0.509537 0.413275 0.411164 0.0298151 0.0158945 0.0207881 0.00210526 0.0099652 0 0.0246125 0.066532 0.0847928 0.0573092 0.230586 0.0619306 0.16405 0.0615316 0.0415179 0.173744 0.109613 0.0856082 0.0481826 0.0147136 0.333026 0.00771859 0.104966 0.0726856 0.045996 0.657056 0.118518 0.0754649 0.144597 0.0497623 0.221561 0.0713065 0.209471 0.0402984 0.0614668 0.119406 0.0202813 0.00315457 0.0171932 0.0273354 
0.183489 0.270718 0.233647 0.132534 0.241212 0.0943236 0.0814591 0.0550274 0.824919 0.226501 0.098033 0.327718 0.323642 0.0268172 0.133398 0.0264509 0.235462 0.525092 0.811075 0.113157 0.281276 0.0268057 0.0131412 0.128694 0.202662 0.172723 0.0439284 0.258883 0.0409635 0.111658 0.028633 0.0218719 0.0323764 0.0314966 0.0145399 0.117193 1.23246 0.42046 0.0575336 0.394841 1.4825 0.0491266 1.55275 0.13571 1.34022 1.13388 0.544155 0.120526 0.144449 0.164289 0.436742 0.241723 0.809313 0.143744 0.200084 0.149872 0.0753296 0.523959 0.180326 0.208148 0.142665 0.23976 0.0156805 0.0471381 0.0610529 0.0186633 0.141469 0.0242498 0.092413 0.0743806 0.0621165 0.0610884 0.0204128 0.09509 0.0187976 0.0756668 0.019664 0.00707193 0.00499501 0.0305686 0.0338521 0.0789556 0.0656693 0.10646 0.0445991 0.0336912 0.0172217 0.0432039 0.0428188 0.0729103 0.00930526 0.0381495 0.0265515 0.0375521 0.0736091 0.10966 0.0554526 0.0711977 0.423778 0.135378 0.0045755 0.016909 0.0272368 0.0943094 0.387439 0.270774 0.0370188 0.0274238 0.351812 0.884388 0.00935104 0.0596776 0.0356247 0.0321648 0.00865667 0.0349984 0.193719 0.033172 0.118653 0.0820039 0.0943227 0.412752 0.0110457 0.00271739 0.220633 0.0564793 0.0155123 0.0156627 3.78871 0.801282 8.85222 0.00552494 4.15121 0.311126 0.110286 0.0492373 6.0054 1.40186 0 0.0254681 0.32958 3.12046 0.194325 0.0533214 0.287467 0.166879 0.533699 2.30261 0.0329142 0.301801 0.0167934 0.00854596 0.742869 0.428599 0.381502 0.50621 0.199116 0.0299587 0.423378 0.0645925 0.00627145 0 0.0243062 0.0271766 0.576019 0.0517183 0.173854 0.327714 0.350176 0.970127 1.47272 0.374412 0.0229226 0.0641861 0.442226 0.336269 0.044104 0.0113984 0.0654696 0.0908859 0.0120633 0.00271739 0 0.00210526 0.1091 0.0699677 0.990172 0.926369 0.0933351 0.0150424 1.15199 0 0.146826 0.0333619 0.12222 0.00403226 0.127027 0.0250431 0.0535618 0.0305095 0.514209 0.0128983 0.171451 0.0785271 0.0738999 0.027737 0.0333774 0.280669 1.3299 1.95137 0.260447 0.0166151 6.14188 3.11019 0.852758 0.492044 0.873841 0.0365004 2.4848 4.68856 1.30114 0.146876 0.749064 1.21671 0.0974907 0.0673507 0.126711 0.0787318 0.00980375 0.067952 0.128093 0.333036 0.0613123 0.134112 0.281217 0.0311553 0.0128235 0.0503041 0.0205057 0.0162145 0.0469652 0.252442 0.0376814 0.0170373 0.035783 0.048361 0.0621217 0.191681 0.0185005 0.0271159 0.0396839 0.0242794 0.576667 0.147874 0.696421 0.00678999 0.00604839 0.0704341 0.0621077 0.130457 0.279243 0.00209205 0.246923 0.0456289 1.01242 0.861661 0.473957 0.591447 0.400534 0.024469 0.292637 0.0455112 0.568102 0.270852 0.300895 0.350158 0.425804 0.349754 0.0781579 0.0516291 0.0811019 0.0499741 0.162684 0.0163814 0.472792 0.107339 0.00915334 0.188064 0.143278 0.113344 0.28844 0.071754 0.0882036 0 0.0458373 0.0843027 0.110805 0.0993224 0.0147752 0.0578741 0.0914885 0.0522447 0.00624722 0 0.0241474 0.0397446 0.0192264 0.00784565 0.0229947 0.00595187 0.0813794 0.0153238 0.148686 0.0169099 0.064869 0.125874 0.0935063 0.0417128 0.092298 0.0253605 0.0490391 0.0691364 0.0866034 0.0997377 0.083237 0.351626 0.114069 0.194201 1.58128 0.184132 0.782233 2.50018 1.98234 0.708654 0.993724 0.159306 0.0207718 0.0195901 0.0222717 0 0.0538061 0.0721359 0.0974296 0.00175131 0.132303 4.09321 0.141934 0.265714 0.497837 0.284272 0.803975 0.109876 1.18247 3.39546 0.0208374 0.0448888 0.0561314 0.00989135 0.0602127 0.0305471 0.524342 0.0845872 0.140392 0.156829 0.271574 0.026151 0.394031 0.255307 0.33388 0.180078 0.0144321 0.0950657 0.301612 0.296802 0.131523 0.0335503 0.046581 0.0120549 0.1605 0.0579932 0.184022 0.776047 0.0161797 0.787132 0.688417 0.178985 0.084577 0.51721 0.0242796 0.0109743 0.261252 0.141226 0.10049 0.144328 3.13327 0.672653 0.228715 0.0182753 0.0446179 0.110802 0.491467 0.231811 0.314443 0.0224793 0.0677533 0.149879 0.329252 0.258193 0.00766862 0 0.03026 0.0651444 0.0657372 0.276038 0.0186722 0.0852641 0.0901163 0.0243082 0.0859701 0.304521 0.0169197 0.0536687 0.00965752 0.0577466 0.0563788 0.0159218 0.0293566 0.119125 0.0100226 0.0697979 0.176888 0.202075 0.174157 0.059173 0.159966 0.0251413 0.0206316 0.0316621 0.143119 0.104708 0.115374 0.0526736 0.0690385 0.0377788 0.0861702 0.0617397 0.136853 0.0082018 0.97339 2.10204 0.673433 0.420834 0.519868 0.28152 0.0191522 0.0145287 0.123365 0.918837 0.132585 0.0953241 0.0857469 0.716714 0.149347 0.0826536 0.0723449 0.0521276 0.331063 0.0728821 0.0900078 0.0428277 0.0682356 0.0197394 0.602113 0.320778 0.184987 0.26281 0.0496724 0.031907 0.255768 0.623803 0.36948 0.247871 0.159189 0.0763495 0.0197263 0.00587937 0.0450153 0.00853745 0.00704665 0.0372007 0.0461434 0.00780621 0.023771 0.0416664 0.0981114 0.09193 0.0141879 0.0198329 0.0165125 0.0103043 0.388843 0.8735 0.0991999 0.0225521 0.246683 0.147634 0.0385923 0.0530875 0.0103044 0.0619221 0.0522099 0.0142014 
0.295244 0.308366 0.89466 0.465725 3.16731 0.232537 2.59389 3.89661 0.955055 1.5496 1.22618 2.01818 0.558343 0.255142 0.12605 0.287834 0.0437485 0.0347361 0.0330463 0.0129879 0.0627653 0.0258139 0.0889345 0.377147 0.657441 1.35922 1.4089 0.527728 0.26143 0.00756224 2.93349 0.232424 0.0962906 0.129878 0.175245 0.00667875 0.191358 0.22714 0.346971 0.393617 0.650184 0.079504 0.223783 0.0230641 0.093025 0.100911 0.294544 0.240746 0.316578 0.0452949 0.088166 0.0616339 0.144103 0.0855966 0.255009 0.235527 0.0744321 0.0245038 0.0616313 0.208385 0.184033 0.189326 0.113153 0.00544959 1.14917 0.129527 0.559209 0.0182874 0.0418068 0.034518 0.00912391 0.0233963 1.43291 0.848783 0.0610917 0.227751 0.0757172 0.0305925 0.315969 0.224894 0.0178537 0.193114 5.36349 0.309275 0.400099 0.427733 0.332563 0.217946 0.508833 0.213539 0.134103 0.0724522 0.00669206 2.98953 0.384457 0.0852732 1.68093 0.663959 1.85078 1.00834 0.00840381 1.03665 0.0344521 0.124047 0.0486107 0.0249398 0.789981 2.82227 3.30913 0.541684 0.066291 0.0179983 0.414052 0.0130602 0.607171 0.195107 0.0379661 0.199708 0.0439253 0.0517764 0.311839 2.03012 0.103067 0.46679 0.0883824 0.288661 0.00446564 0.0183393 0.0794171 0.218083 0.091031 0.0684027 0.384645 1.83618 0.425862 1.16999 0.30126 0.151545 0.591101 0.0926152 1.79992 1.63661 4.97731 9.09098 0.0731796 0.109386 0.0117045 0.0156975 0.433894 0.15369 0.280112 0.126755 0.0554184 0.0158603 0.0153421 0.0138414 0.0311152 0.00807448 0.0369019 0.00421138 0.385236 0.244915 1.39745 0.402205 0.421591 0.178552 0.309153 0.169469 0.0580437 0.0563191 0.0714952 0.075629 0.0158794 0.196386 0 0.0914884 0.205889 0.689555 0.112959 0.0487878 0.0942342 0.372868 0.227184 0.0285328 0.0198345 0.0660131 0.102419 0.0586143 0.345157 0.832359 0.0792083 0.302266 0.111788 0.147109 0.2093 0.19076 0.108157 0.0644332 0.0472954 0.013144 0.0185666 0.0847846 0.0306877 0.0352734 0.0384864 0.0282439 0.0199732 0.00871454 0.0255916 0.0181709 0.267039 0.0842092 0.0706825 0.108496 0.116554 0.112215 0.353644 0.684325 0.0749677 0.242187 0.0319833 0.0989332 0.0468671 0.107944 0.00879053 0.00841513 0.0185804 0.0305544 0.048967 0.013771 0.00632911 0.014054 0.00460097 0.0221468 0.0345053 0.076424 0 0.00152672 0.0317101 0.0240168 0.0161951 0.0173056 0.121265 0.0856761 0.162303 0.102912 0.0134727 0.00983344 0.00421971 0 0.0117008 0 0.0091724 0.00671046 0.0117647 0.00429803 0.573087 0.678594 0.115497 0.132887 0.42146 0.23275 0.0831636 0.173879 0.372643 2.36637 1.43717 0.410547 2.36062 1.03173 0.373637 0.392644 2.21743 0.501849 0.854077 0.395449 0.139027 0.108288 0.70732 1.50955 0.0149439 0.318355 0.154193 0.117426 1.60015 1.90803 0.0656523 0.0809246 0.352737 0.823881 0.433919 0.0764179 0.0162296 0.00918889 0.260547 0.0263355 0.0341622 0.0591372 0.0238331 0.141406 0.108328 0.0722107 0.0600786 0.036072 0.307533 1.25972 0.19992 0.571056 3.46611 0.0786847 1.09909 0.0635108 0.0610068 0.143876 0.137655 0.0451473 0.549341 0.141952 1.00122 0.0358341 0.117935 0.0287373 0.0402259 0.0116293 0.0513488 0.165953 0.117456 0.0716815 0.085644 0.020829 0.038164 0.0243522 0.0218716 0.0492921 0.20451 0.256374 0.0478693 0.0594568 0.059993 0.0157929 0.0201364 0.00918595 0.0827249 0.0663129 0.0678025 0.0431092 0.0239985 0.0332649 0.0865493 0.182131 0.0871517 0.0299717 0.253921 0.2291 0.184911 0.143339 0.185213 0.133344 0.101076 0.0468624 0.0443662 0.0200627 0.0516358 0.130093 0.163949 0.0741738 0.0589474 0.214355 0.496818 0.238406 0.0332528 0.0704891 0.0446143 0.109958 0.211856 0.0463406 0.13705 0.252186 0.323568 0.0653156 0.206431 0.0508662 0.0565947 0.0123435 0.102582 0.152612 0.069606 0.0441289 0.316298 0.342122 0.0143582 0.173647 0.211755 0.0905734 0.0623011 0.0173889 0.232534 0.0994179 0.0202181 0.0563952 1.34984 0.373603 0.895113 0.12152 0.961745 0.40374 0.337675 0.213427 0.129093 0.0434278 0.641107 0.0505452 0.211171 0.137302 0.135899 0.170738 0.143828 0.0768548 0.441757 0.611797 0.00994599 0.231877 0.0376882 0.0924819 0.0571246 0.00954174 0.021555 0 0.00807946 0.0240767 0.00959297 0.0169901 0.316888 0.00399612 0.0830986 0.0571254 0.0139561 0.0347752 0.0125038 0.0132073 0.114406 0.0699123 0.0194284 0.0972064 0.367037 0.0208412 0.192108 0.0796198 0.242425 0.0109328 0.127772 0.085458 0.104289 0.0286171 0 0 0.092783 0.0364373 0.227441 0.063331 0.0386412 0.0712873 0.170619 0.132058 0.113503 0.387632 0.112824 0.140911 0.736077 0.169646 0.240127 0.0789214 0.421074 0.207688 0.0851512 0.0708287 0.0395221 0.241961 0.142431 0.129531 0.0768979 0.0243853 0.0102421 0.0376852 0.00548723 0.00375242 0.00176367 0.0239175 0.00638298 0.0402147 0.00375224 0.0769585 0.0407315 0.0190468 0.00606365 0.0335265 0.0305407 0.0276779 0.0107491 0.00699488 0 0.00174825 0.0166814 0.00378879 0.224571 0.0388578 0.0900322 0.0473859 0.081258 0.00490895 0.0665236 0.0699663 
0.165377 0.0173248 0.0350974 0.981056 1.29762 1.2181 0.0941675 0.0394429 0.423857 0.384418 1.39482 0.554401 0.19624 1.06142 0.397401 0.203968 0.306278 0.104325 0.0124006 0.113275 0.507706 0.0286787 0.010887 0.166983 0.054336 0.0447082 0.0436242 0.0198311 0.0107133 0.0214301 0.0201595 0.00545455 0.615534 0.205719 0.0808085 0.249555 0.141235 0.0727905 0.108467 0.0563377 0 0 0 0 0 0 0 0 0.191699 0.0530311 0.0102557 0.0176604 0.00417105 0.045389 0.0118861 0.229054 0.0214275 0.109013 0.0454567 0.121974 0.0265619 0.0253835 0.0307073 0.0126556 0.101325 0.031467 0.0424726 0.0438998 0.174167 0.0237883 0.0897686 0.027371 0.0281275 0.00175131 0.0189361 0.00959199 0.0340346 0.0196071 0.0127523 0.0111059 0.0781069 0.406301 0.106697 0.0632737 0.161692 0.0369749 0.0104444 0.23328 0.149605 0 0.012818 0.0200262 0.248259 0.165795 0.0117827 0.0057298 0.0567009 0.102673 0.792779 0.399172 0.00975268 0.0409477 0.65522 0.121121 0.12855 0.0832661 0.0211526 0.0153007 0.621251 1.35002 0.124716 0.010825 0.317184 0.140626 0.0740328 0.282134 0.100787 0.0259816 0.0308252 0.0236927 0.0259356 0.0213071 0.0365461 0.0210999 0.0206805 0.102593 0.0330067 0 0.105975 0.399919 0.0387876 0.298253 0.830423 0.0231829 0.408501 0.294342 0.101794 0.13185 0.0414102 0.119218 0.253494 0.176427 1.53631 0.778866 0.267596 0.24866 0.194784 0.168229 0.0171019 0.0256376 0.0251778 0.0413062 0.038839 0.0203475 0.016441 0.0714297 0.0017762 0.0284482 0.0577505 0.02235 4.3302 2.59717 0.453042 0.547411 0.281448 0.0669055 0.774849 0.268304 0.0219062 0.209531 0.117973 0.082041 7.0061 1.59299 0.684536 0.303594 1.39375 0.0972982 2.76676 3.27528 0.415163 0.14907 1.15063 2.12426 0.0556136 0.0115294 0.0540445 0.106153 0.1678 0.28268 0.207509 0.605755 0.142289 0.202101 2.3486 0.179507 0.0309511 0.0367535 0.0120541 0.0202469 0.172899 15.3913 1.226 0.105028 0.0660433 0.145226 1.16244 6.18393 4.83779 0.543271 0.441994 0.869985 0.189115 0.0028169 0.109835 0.168093 0.0877884 2.37041 0.356753 2.51012 0.246855 0.427292 2.16407 0.0274192 0.0456122 0.013111 0.0250498 0.00315457 0.00471289 0 0.0090392 0 0.0446674 0.00851185 0.232073 0.14602 0.0966122 0.0370887 0.0177491 0.0848609 0.232079 0.418561 0.00965239 0.139094 0.766123 0.0580258 0.259959 0.928592 3.6284 0.509182 1.84555 0.319068 1.22989 0.0783572 0.71506 0.0612106 0.0234237 0.120218 0.144815 0.775958 0.00918189 0.00447283 0.258948 0.19779 0.0353169 0.0591002 0.0130984 0.00533931 0.0565087 0.0799193 0.0101169 0 0.0878778 0.0378528 0.077256 0.0110262 0.383692 0.0352112 0.287357 0.0638475 0.0326421 0.00212766 0.00555122 0.0332667 0.0999358 0.105599 0.0560836 0.0828022 0.53234 0.218177 0.451906 0.0122544 0.761238 0.123872 0.150732 0.362929 0.105384 1.03969 0.194387 0.10154 0.112307 0.122774 0.041645 0.0257049 0.0467534 0.389473 0.49566 0.0993457 0.275201 0.0908183 0.181045 0.121209 0.710691 0.169138 0.356036 0.60928 0.0185582 0.00881095 0.00181818 0.0217405 0.318662 0.588425 0.0414238 0.038343 0.241309 0.188553 0.22929 0.279896 0.0437522 0.343672 0.339366 0.318167 0.0240118 0.0106853 0.0381203 0.0397606 0.0693002 1.05456 0.362069 0.0890504 0.757425 0.367644 0.350809 0.265058 0.0726639 0.0617552 0.0725653 0.0728009 0.0134358 0.0067128 0.0230115 0.0259061 0.00174825 0.0724822 1.07483 0.126225 0.564451 3.50218 0.273592 0.0398195 0.0149428 0.0367031 0.0125649 0.0121942 0.0638551 0.0148826 0.0360257 0.00692044 0.0164739 0.0222046 0.0431339 0.0765531 0.115035 0.0308495 0.018032 0.00863045 0.0101845 0.00548723 0 0 0 0.00757626 0.00210526 0 0.100732 0.0448449 0.00931555 0.00181818 0.0519237 0.152614 0.061228 0.102889 0.00552486 0.0314363 0.116518 0.0315476 0.0148948 0.0164825 0.114264 0.097597 0.103686 0.0137402 0.362912 1.51865 0.0436774 0.0450598 0.0438813 0.0967174 0.0834395 0.0691617 0.0788896 0.031898 0.39931 0.233369 0.148859 0.0219388 0.442559 0.326075 0.168407 1.09193 1.19652 1.22607 0.302399 0.30165 0.193049 0.0344151 1.09356 1.54911 0.131327 0.681383 0.452769 0.153882 0.03501 0.172846 1.73888 0.875648 0.0886813 0.138458 0.0467864 0.0595793 0.0568231 0.0427642 0.211282 0.109113 0.0626147 0.0118061 0.0476826 0.0822242 0.063841 0.0145372 0.0513199 0.0365011 0.225863 0.238739 0.0152792 0.072375 0.07612 0.0954319 0.0595357 0.112181 0.144629 0.0142364 0.0983318 0.0560245 0.138105 0.754387 1.38839 0.74178 0.0211396 0.00372703 0.0138221 0.047197 0.0329251 0.0341987 0.0940894 0.0393565 0.00871575 0.060676 0.0543503 0.117657 0.0637581 0.1415 0.027113 0.0380291 0.0535563 0.0102176 0.0843827 0.027693 0.0124832 0.0056181 0.00181818 0.00630915 0.12382 0.0351156 0.0048599 0.127766 0.0150436 0.0763138 0.0570952 0.0366646 0.00380911 0.0227365 0.00171821 0.0172634 0.0179967 0.013983 0.0127981 0.00276243 0.0689563 0.0848406 0.0690153 0.00359396 
0.0540293 0.166763 0.279034 0.409539 0.901387 0.147603 0.0460475 0.223064 8.2434 0.464704 3.21106 0.225943 5.68926 0.079259 1.15994 1.91691 0.173138 0.0252528 0.217085 0.0554108 15.5905 0.331709 1.92204 0.747368 1.40723 1.40895 0.0572843 0.708406 0.521373 0.011589 1.18 1.06138 0.678743 0.12048 0.894298 3.99077 0.240235 0.0205831 0.781485 1.28696 0.0425368 0.00849105 0.0253 0.0144515 0.11153 0 0.0175934 0.02628 0.185081 0.366788 0.0757526 0.0817833 0.301728 0.213318 0.00397542 0 0.0100804 0.00352734 0.0700881 0.0266381 0.0175982 0.0275303 0.135393 0.0417627 0.113621 0.327759 0.123632 0.0845385 1.29846 0.780476 0.0556183 0.249967 0.483923 0.351466 0.29222 0.165621 1.34579 0.401471 0.434278 0.331235 0.0461241 0.644 0.0973714 0.914388 0.0125291 0.0765032 0.0140969 0.0454186 0.125955 0.360056 0.14823 0.061459 0.0398163 0.0150871 0.0304388 0.0195545 1.16237 0.479622 0.0777491 0.421167 0.073045 0.00905501 0.540846 0.937889 0.0182756 0.0942 0.149383 0.0683594 0.148839 0.205489 0.0564549 0.0386753 0.0397193 0.022853 0.0130231 0.00190476 0.0097527 0.00201613 0.00706151 0.0119389 0.0157056 0.00663639 0.0219266 0.014443 0.0333511 0.0656578 0.0128409 0.00423736 0.0579108 0.0300365 0.0169245 0.0292428 0.0999197 0.035587 0.0294795 0.0944307 0.0966825 0.388392 0.0819709 0.0369908 0.0204058 0.00649734 0.0232924 0.0393772 0.172957 0.0585208 0.0416629 0.0132572 0.027648 0.0176605 0.004745 0.00939309 0.0680524 0.00391657 0.19046 0.13008 0.00201613 0.00391462 0.0143602 0.0381471 0.392908 0.243675 0.0610162 0.0382825 0.167733 0.139016 0.547968 0.0619567 0.0151449 0 0.28582 0.00273224 0 0.0222933 0.0681812 0.161374 0.0327715 0.0212912 0.045497 0.0145343 0.00564591 0 0.00181818 0.0188083 0.0369349 0.501372 0.0580471 0.0401787 0.0115761 0.0871742 0.021164 0.0156355 0.181688 0.333822 0.148124 0.037747 0.223073 0.223371 0.0787941 0.247605 0.201853 0.082192 0.26495 2.47512 2.76189 1.11797 0.0162839 0.147931 0.0728206 0.0921108 0.249786 2.39029 0.534871 0.0517404 0.203974 0.162066 0.017473 0.00571201 0.125429 0.241225 0.0897307 0.0149378 0.012392 0.014422 0.028382 0.0710763 0.0114217 0.0148547 0.090564 0.0834975 0.394033 0.209685 0.085619 0.130693 0.0349203 0.0125492 0.0325026 0.0817256 0.00547138 0.103708 0.00403226 0.0291712 0.0742839 0.0341649 0.0725486 0.0765027 0.0229485 0.0273018 0.0912388 0.17224 0.0622748 0.0545284 0.0991502 0.0576895 0.0181116 0.0936458 0.0465981 0.0620134 0.0285636 0.0319149 0.0265358 0.0124387 0.0231579 0.0419155 0.0375987 0.0902557 0.0587751 0.095464 0.0170873 0.0117218 0.00210526 0.0615849 0.00864464 0.221242 0.770615 1.28951 0.132839 0.0654959 0.776683 0.289874 7.07829 5.17559 0.766896 0.384335 2.77786 5.41354 0.425428 0.68923 3.12536 0.112751 0.27294 0.0903216 0.662091 0.122116 0.0689114 0.117286 0.00353935 0.00535229 0.350775 0.0518406 1.03227 0.285655 0.213189 0.0135153 0.042848 0.0573938 0.00423292 0.0185858 0.139028 0.00638298 0.0784349 0.0457893 0.0474193 0.142353 0.0653207 0.0175361 0.20163 0.0463999 0.00212766 0.0176321 4.98346 0.373868 0.287221 0.0700323 0.0835236 0.058791 0.18273 0.0362455 0.806586 0.199369 0.173295 0.0285868 0.167819 0.423446 0.432809 0.30155 0.0184877 0.0263964 0.0213992 0.0115913 0.0916173 1.35554 0.294436 0.446415 0.211175 0.244619 0.184673 0.561199 0.124132 0.585292 0.175014 0.0745876 0.0832059 0.0754809 0.074748 0.0147072 0.433043 0.599861 0.514549 0.83086 0.148628 0.114882 0.0249485 0.960696 1.62615 0.0646115 0.799318 0.0895432 0.141228 0.640601 0.0199639 0.017879 0.0362141 0.121953 0.113286 0.0711506 0 0.00276243 0.0688555 0.00806452 0.0488866 0.048089 0.0397098 0.139601 0.0508103 0.0702932 0.15307 0.012766 0.083339 0.498727 0.10596 0.0180017 0.185589 0.13402 0.0494274 0.0691596 0.0547193 0.0312359 0.041202 0.131853 0.0687682 0.21881 0.283159 0.208988 0.799768 0.892337 0.408113 0.514461 0.310419 0.420043 0.16622 0.505756 0.0838795 0.218505 0.192308 0.0312005 0.0277278 0.087167 0.184298 0.0327544 0.241439 0.0282959 0.0934937 0.00647179 0.0801008 0.0397197 0.0809396 0.00369244 0.114733 0.032966 0.00853144 0.0189773 0.0191894 0.026676 0.249315 0.0340537 0.036642 0.014397 0.173783 0.00428391 0.061098 0 0.022821 0.133521 0 0.00174825 0.0440323 0.0364948 0.290231 0.0163996 0.107736 0.0170212 0.00948411 0.0108081 0.024671 0.0102238 0.0562545 0.0176845 0.023348 0.0377417 0.0672233 0.0105721 0.0177595 0.0162599 0.371958 0.546811 0.152135 0.0795211 0.0566763 0.0362999 0.133423 0.0336302 0.0168584 0.00760458 0.00832143 0.0172933 0.0224484 0.0221461 0.00819604 0.00795931 0.137253 0.0139167 0.0501363 0.373913 0.0983511 0.0985186 0.0343713 0.0171852 0.124109 0.0463992 0.00575335 0.0259858 0.017597 0.0549651 0.0247527 0.22684 0.0700204 0.0974166 0.0278176 0.00598429 0.220255 0.140007 0.0651297 0.0647552 0.188533 0.155703 0.0280046 0.0102917 0.00723984 0.00784197 0.0420539 0.00833529 
3.74843 0.484713 0.0713086 0.0324652 1.11024 1.17122 0.299309 0.0368555 0.0330269 0.0193723 0.0157283 0.00598243 0.0161402 0.0794216 0.0225055 0.0642593 0.423929 0.0728441 0.182703 0.1945 0 0.935062 0.0379859 0.0942179 0.0861865 0.0460659 0.0109278 0.00618719 0.0390361 0.037532 0 0.147074 0.39595 1.58568 0.194691 0.0829882 0.189064 0.071361 0.221055 0.0949314 0.0865118 0.204701 0.0483248 0.0759354 0.333296 0.40748 0.180416 0.114661 0.0712363 0.0326752 0.00853412 0.0194678 0.053218 0.0130453 0.085974 0.0622488 0.0884112 0.150006 0.0368321 0.239366 0.0901702 0.00349367 0.0338639 0.011743 0.507254 0.219611 0.0599497 0.0345946 0.363817 0.498572 2.13391 2.78462 1.69649 0.212685 0.63266 0.730823 0.0109772 0.233003 0.802922 0.0972878 0.0217161 0.0062083 0.0979115 0.0465121 0.36163 1.25417 0.0163917 0.016598 0.404909 0.367501 0.218839 0.863992 3.48507 0.321054 0.575592 0.315815 0.0341116 0.0766527 0.108584 0.10322 0.734918 0.325154 0.111429 0.0461904 0.111872 0.939209 0.473319 0.261383 0.247212 0.163314 0.0262541 0.0168931 0.270256 0.311463 0.16506 0.177289 0.339905 0.24308 0.0319206 0.0286831 0.148098 0.0883489 0.0256159 0.128884 0.00895418 0.0220709 0.100494 0.0999424 0.405321 0.228108 0.22907 0.099571 0.147421 0.118711 0.264722 0.0827421 0.574785 1.07524 0.0961444 0.167712 0.64229 0.0814293 2.96816 0.259304 0.176754 0.133446 3.13059 0.520619 2.28338 1.58324 0.0674588 0.0679926 0.613798 2.82011 0.173488 0.542236 0.368876 0.392859 0.579668 0.180687 0.131028 0.649764 0.34778 0.476974 0.0584854 0.110443 0.0405044 0.0176234 0.768865 1.00648 0.803816 0.199381 0.261106 0.624848 0.984126 0.084945 0.217934 0.0351554 0.848191 0.897882 0.314179 0.186879 0.853973 0.655077 0.730062 0.166492 0.46274 0.0983432 0.640988 0.0565917 0.121193 0.289028 0.0182266 0.0279235 0.0412003 0.0160183 2.0314 2.20602 0.251896 0.308602 1.15758 0.461313 0.13105 0.0447038 0.906274 0.106704 0.197472 0.190703 0.0414963 0.0158926 0.00743741 0 0.0336594 0.0345463 0.0145176 0.00896973 0.594519 0.117443 0.0664653 0.0946894 0 0 0 0 2.0947 3.57704 1.53781 7.30046 0.0792945 0.215734 5.80475 1.57135 0.467781 0.37458 0.24437 0.306663 0.205679 3.85689 0.440478 2.32874 2.80681 0.0326101 0.89576 0.920848 1.54214 0.0447367 0.338647 0.159676 0.0206916 0.360762 0.144555 2.50902 0.198036 0.355315 0.590337 0.314518 0.0480547 0.23783 0.0623446 0.0766942 0.19908 0.517285 0.236399 1.59865 0.101872 0.0303782 0.0296018 0.10147 0.542408 0.463515 0.0510176 0.0139636 0.169033 0.0813944 0.161877 0.0506316 0.0457402 0.594449 0.121188 0.0579284 0.0992263 0.140612 0.176792 0.0156566 0.138314 0.255127 0.328685 0.361141 0.176341 0.0184933 0.154998 0.0473825 0.0149332 0.170215 0.165007 0.0901064 0.036659 0.038116 0.0181083 0.0193678 0.0690957 0.0431109 0.132969 0.0120107 0.0470918 0.0835087 0.0786966 0.046103 0.156301 0.172798 0.141786 0.0689058 0.30434 0.207034 0.0615427 0.0313166 0.0224627 0.0612045 0.148863 0.204624 0.313595 0.320163 0.483174 0.0751071 0.150994 0.15906 0.00960178 0.0596726 0.0233575 0.0118988 0.128357 0.0119854 0.127683 0.160908 0.0170484 0.0145339 0.0294544 0.0494846 0.0406181 0.043395 0.0101871 0 0.00330292 0.00482123 0.00302115 0.0192699 0.0329956 0.0548411 0.00305344 0.00222717 0.0116294 0.00276243 0.0497662 0.0543294 0.257693 0.0032757 0.0894224 0.139738 0.0355088 0.0108333 0.00865713 0.00864108 0.0348057 0.0353633 0.0356841 0.138348 0.0611138 0.0195781 0.0494424 0.168627 0.39627 0.115937 0.0496208 0 0.0745946 0.026871 0.017462 0.0634994 0.0556941 0 0.00991216 0.0142578 0.035409 0.0130384 0.0132558 0.0821913 0.0155447 0.00611547 0.0127476 0.00394584 0.04104 0.0273194 0.0105035 0.00193424 0.00379233 0.00346942 0.00918107 0.0501529 0.129292 0.296308 0.03635 0.00209205 0.0088622 0.00201613 0.0609632 0.0323732 0.0423795 0.00447611 0.144653 0.125595 0.068475 0.033641 0.328103 1.19305 0.408818 0.16027 0.0207763 0.00627145 0.0126154 0 0 0.00810067 0.00387591 0.0149915 0.0127675 0.00396321 0.00275482 0 0 0.0105741 0.0368595 0.00638298 0.346724 0.0899303 0.153739 0.0209713 0.163811 0.0162614 0.239737 0.226015 0.0756621 0.0160532 0.00458015 0.0017762 0.0893275 0.0470694 0.0779757 0.071437 0.60112 1.10382 0.406655 0.139792 0.0844605 0.0275521 0.103372 0.0290186 0.592221 0.307991 0.0163618 0.154213 0.112475 0.0686783 0.590835 0.484464 0.227463 0.0889618 0.383832 0.0740509 0.0356398 0.149226 0.0762202 0.0980289 0.338912 0.260675 0.0740717 0.0168228 0.0128876 0.191634 0.00817439 0.156621 0.124443 0.371352 0.175417 0.0442829 0.109072 0.0482173 0.0969796 1.32893 0.115 0.0617693 0.100063 0.0182356 0.00544136 0.00719408 0.0169846 0.0170082 0.0854398 0.0304578 0.0240851 0.151165 0.767106 0.453215 1.28028 0.433139 0.0147881 0.00778233 0.0952798 0.13516 0.094988 0.561195 0.0285042 3.27767 
0.117214 0.0909107 0.852362 0.161004 0.175134 0.0682742 0.0348093 0.0325755 1.47119 0.225991 0.0906323 0.00931416 0.570333 0.293595 0.951486 0.496859 0.581808 1.71481 0.308937 0.102495 0.0171327 0.0263272 0.105129 0.0586675 0.00648249 0.0352997 0.0300878 0.00638298 0.0668781 0.0392599 0.0552557 0.017481 0.183514 0.13194 0.144665 0.072588 0.158335 0.0802093 0.0236008 0.0257321 0.0389214 0.0654456 0.0387866 0.112461 0.0323883 0.0118989 0.0308969 0.0435566 0.0553531 0.114873 0.0440576 0.080155 1.32379 0.0733302 0.0820008 0.0256656 0.0780781 0.0831365 0.527104 0.192486 0.125369 0.0988453 0.021053 0.0652832 0.257913 0.529535 0.34894 0.025608 0.473869 0.0274919 0.227873 0.0918493 1.23097 0.987791 0.00174825 0.235235 0.1143 0.149328 0.173764 0.0535938 0.919462 0.308589 0.115708 0.864966 0.193119 0.182058 0.917737 0.126715 0.0289336 0.0164931 0.0349875 0.058666 0.0641697 0.0928748 0.0773643 0.00606626 0.302923 0.405175 0.10424 0.0722491 0.0544167 0.0101446 0.0220213 0.026159 0.230837 0.0378705 0.0103921 0.00970764 0.0102409 0.017556 0.139379 0.0207785 0.130504 0.185373 0.12817 0.0439483 0.3829 0.187088 0.28091 0.0138926 0.0617743 0.276482 0.187403 0.28406 0.0378885 0.0219729 0.0150569 0.00699301 0.185585 0.0426623 0.925331 0.829204 1.44496 0.0110269 0.0575228 0.380533 1.98585 1.05718 0.201466 0.0609236 0.702298 0.071726 2.02711 0.157524 0.0138347 0.0601581 0.0391648 0.0408566 0.0433297 0.0402986 0.0272622 0.0869623 0.205404 0.0740352 0.0628727 0.0455946 0.0350899 0.079627 0.0237565 0.0223132 0.0901797 0.231457 0.0550425 0.111206 0.0821187 0.0429342 0.0548702 0.0218841 0.0496178 0.0349214 0.0293546 0.114176 0.0233977 0.0180712 0.0423526 0.0204311 0.0105308 0.014858 0.0224424 0.00152672 0.0148455 0.00152672 0.00209205 0 0.0207579 0.0131907 0.00201613 0.0129246 0 0 0.00322263 0.0100942 0.00766706 0.00992608 0.0121426 0 0.0144451 0.0258424 0.0392377 0.0375495 0.0111296 0.0190747 0.0236066 0.0122195 0.0433576 0.00220264 0.00352751 0.00624682 0.0236932 0.0393015 0.0934 0.130634 0.0241268 0.0207489 0.0396449 0.00978516 0.0501694 0.106364 0.0310324 0.0871515 0.134991 0.315077 0.190366 0.17402 0.0631933 0.00155039 0.03046 0.0248716 0.0139048 0.00667107 0.013602 0.0624055 0.0291463 0.0807958 0.0436814 0.0483472 0.57783 0.0715543 0.0494962 0.546646 0.173546 0.0310129 0.00633692 0.0098879 0.0955801 0.0363847 0.0392937 0.0506226 0.381011 0.0902639 0.292393 0.204145 0.077954 0.069262 0.00894826 0.0117523 0.402154 2.75793 2.19999 0.0939402 0.0293309 0.0307113 0.577003 0.228963 0.505964 0.0844701 0.490961 0.535972 0.118654 0.256887 0.481863 0.921223 0.0590333 1.11254 4.23079 0.189873 0.979098 2.44565 0.27149 0.182036 0.240553 0.537578 0.777663 0.528039 0.0477346 0.0348127 0.0317998 0.0352082 0.158979 0.133215 0.456608 0.206463 0.0413124 0.369662 0.135473 0.175307 0.0813805 0.0401684 0.0164128 0.0758955 0.836364 1.33393 0.12914 0.0446533 0.206579 0.0379881 0.054389 0.0750996 0.139988 0.0486631 0.188627 0.0720553 0.221161 0.129358 0.145741 0.196439 0.00628931 0.0098641 1.38976 0.504766 0.0853979 0.139475 0.0186244 0.0644923 0.0189327 0.047519 0.0294747 0.0215155 0.0326937 0.102585 0.109213 0.0763463 0.0773139 0.0573987 0.0942953 0.0334397 0.0213825 0.0759245 0.0700677 0.00457783 0.0191211 0.00635176 0 0.0159398 0.0228024 0.00547949 0.029721 0.0181018 0.0315615 0.00172414 0.00943409 0.00797404 0.53382 0.34665 0.155965 0.0230835 0.0271011 0.028753 0.0154565 0.0527774 0.0516964 0.0951468 0.53458 0.00421941 0.0185152 0.0115412 0.174277 0.0418427 0 0.0452222 0.0804138 0.00412583 0.0939784 0.0126051 0.0564174 0 0.0222535 0.0536753 0.0237749 0.0924885 0.0226159 0.0124584 0.0028169 0.0393447 0.54095 0.0280437 0.0191697 0.0226542 0.293954 0.00383431 0.360204 0.337349 5.61328 1.45663 2.02821 7.67028 1.90299 0.183061 0.0503314 1.21507 1.35303 0.214051 0.373015 1.13017 2.53607 5.10139 1.91403 0.920556 2.10602 0.109234 8.25706 0.182875 0.657565 5.10999 0.138583 0.153576 0.0955677 0.0875684 0.778126 0.31869 0.11223 0.0191959 0.0138909 0.0957449 0.0673145 0.25452 0.026887 0.0265679 0.10857 0.105782 0.0135354 0.124397 0.020678 0.0347128 0.0245282 0.0068587 0.0688247 0.00452985 0.0229245 0.0852903 0.182817 0.196194 0.0576562 0.0815041 0.0453349 0.0739668 0.0434757 0.0519532 0.0136381 0.352516 0.0280481 0.107392 0.0524741 0.0604806 0.102734 0.113808 0.224984 0.072068 0.209287 0.0966839 0.171181 1.25045 0.0926377 0.40685 1.5885 0.732463 0.544648 2.12971 0.0292434 0.120392 0.0970631 0.0369177 0.654996 0.271854 0.194372 0.0898636 0.0467588 0.00212766 0.0316365 0.0650762 0.139947 0.0677146 1.4158 1.88436 0.433445 0.956149 0.28148 0.109775 0.223397 0.193102 0.558196 0.378494 1.11742 2.45185 0.480033 1.87292 0.354229 0.0592168 0.549805 0.623681 0.00210526 0.155717 0.0120963 0.0650656 0.218705 0.0909729 0.0833558 0.109321 0.404404 0.0325078 3.02328 2.48881 
0.163186 0.228885 0.247813 0.0585741 0.122896 0.0363106 0.0204416 0.0583515 0.0518667 0.070721 0.0373143 0.00817301 0.483721 0.719572 0.650602 0.293208 0.0143447 0.0394674 0.0440152 0.0683992 0.0146577 0.0269356 0.488192 0.155841 0.0296618 0.170981 0.0513609 0.040143 0.118846 0.226046 0.766043 0.07572 0.379891 0.22971 0.538618 4.4876 0.0117271 0.0565579 0.422353 0.408268 0.178468 0.158007 0.386567 0.337367 0.0246874 0.016171 0.253096 0.1025 0.134816 0.0400911 0.0944783 0.0863972 0.0267079 0.157025 0.0708076 0.108741 0.0826666 0.00866201 0.0212663 0.0505366 0.444018 0.253795 0.107469 0.826427 0.134232 0.117746 0.116123 0.207056 0.309438 0.584023 0.403148 0.0537884 0.329954 0.0959803 0.0743924 0.068662 0.0690542 0.148785 0.688531 0.107844 0.0217194 0.00429764 0.0134288 0.0196297 0.156349 0.0353345 0.016283 0.00951175 0.177166 0.114899 0.167981 0.101813 0.0489432 0.0183089 0.0832228 0.076767 0.368637 0.0578772 0.902197 0.322894 2.20929 0.228259 0.81047 0.340297 3.5386 3.58303 0.0540094 0.0737985 0.084765 0.0413542 1.08909 4.84938 0.217104 0.0122509 0.152803 2.95547 0.104041 0.0548541 0.185066 0.0656607 0.0519524 0.328758 0.348069 0.00759474 0.301939 5.98813 4.17607 2.93712 0.0573859 0.140472 0.167153 0.0535189 0.0352113 0.00560926 0.189755 0.0986794 0.0217087 0.0562651 0.0857693 0.0412135 0.0613446 0.0816647 0.0792535 0.0335284 0.148036 0.0556643 0.186298 0.0214083 0.409277 1.48821 0.19753 0.0916851 1.10168 0.177394 0.695609 0.0850235 0.0295116 0.0985635 0.0557447 0.0353919 0.165677 0.0982094 0.101675 0.0124964 0.1837 0.183711 0.0264571 0.308495 0.29915 0.36433 0.0582851 0.0514645 0.258416 1.2518 0.0160929 0.0482546 0.368762 0.0667327 0.0846725 0.106789 0.0166236 0.270703 0.150986 0.1764 0.0100129 0.0122884 0.0562691 0.0777745 0.0137542 0.0262375 0.0363803 0.00417893 0.0589269 0.0129646 0.00457783 0.0265206 0.0414936 0.101051 0.0282939 0.0977671 0.219702 0.142498 0.068021 0.080812 0.0619094 0.034467 0.0784483 0 0.0946588 0.0454301 0.0028169 0.0657338 0.0100158 0.0117913 0.0218502 0.0147508 0.129339 0.0662499 0.447121 0.830835 0.260273 11.2692 0.197551 0.4225 0.135978 0.0978502 0.0942686 0.116663 0.0311063 0.0412238 0.0371811 0.0268905 0.66924 2.10119 0.0207898 0.0266892 1.37903 0.860585 0.505289 0.13108 1.17082 0.466343 0.311053 0.295183 1.07501 0.265604 0.159198 0.042201 0.233958 0.624983 0.150541 0.141434 0.383462 0.489143 0.249789 0.161383 0.0272743 0.0500334 0.347636 0.0311256 0.0103566 0.00887144 0.224177 0.104538 0.0739518 0.0304112 0.158744 0.0711747 0.00801075 0.00513085 0.0165781 0.00422656 0.0169907 0.0269135 0.0106238 0.00443467 0.0680268 0.0365878 0.0185027 0.00212766 0.866915 0.498568 0.00821173 0 0.563342 0.404915 0.878557 0.374286 0.0311589 0.0624075 0.419008 0.230932 0.0378475 0.085209 0.0440048 0.028713 0.218917 0.175402 0.120601 0.0425952 0.127385 0.0311587 0.117634 0.179283 0.0446048 0.0116657 0.0250721 0.0317893 0.0216712 0.136901 0.00349677 0.0205837 0.312841 0.0645442 0.0580311 0 0.148986 0.131311 0.0570217 0.133082 0.096926 0.0474072 0.0631752 0.154501 0.00909702 0.0283065 0.0618169 0.0072277 0.01315 0.0360965 0.00421971 0.00749942 0.173283 0.0267118 0.043088 0.0140956 0 0.00152672 0.0337035 0.0212244 0.0850211 0.0518273 0.0414657 0.00421941 0.0251175 0.0041841 0.014758 0.0214977 0.00425532 0.0308561 0.0333076 0 0.0796687 0.0476188 0.112938 0.0243064 0.0566217 0.0165228 0.00424722 0.010982 0.0130272 0.0877514 0.0491103 0.0131237 0.0538154 0.0438594 0.0135043 0.0178071 9.96627 2.28848 0.279169 0.0901027 0.448955 0.095313 0.429088 0.0683866 0.135726 0.265359 2.11876 1.1959 1.34054 0.387647 0.0890686 0.076025 0.0307347 0.0471863 0.0232611 0.034353 0.0629651 0.00972966 0.263481 0.108667 0.0282485 0.0281731 0.151716 0.169477 0.0396935 0.192984 0.0225092 0.104275 0.205765 0.0311458 0.0468345 0.0451402 0.156918 0.0735765 0.013913 0.0200526 0.12439 0.00389861 0.00425532 0.0147368 0.284504 0.355479 0.0895369 0.0388288 0.025264 3.55932 1.6648 1.21392 1.11285 5.89968 2.99212 0.0117209 0.0508115 0.0210658 0.0236426 0.536116 0.497742 0.237122 0.060044 0.923829 0.0412635 0.0115192 0.60443 0.071295 0.0990443 0.0119506 0.158638 0.0550332 0.999323 2.77892 0.426523 0.0115149 0.0121639 0.0108912 0.342106 0.0212118 0.0276742 0.00276243 0.00212766 0 0.0179575 0.100357 0.0117156 0.0138671 0.0137439 0.0183762 0.0105344 0.00577597 0.0477089 0 0.0166628 0.0908911 0.0119925 0 0.0156811 0.0227273 0.00220264 0.0164067 0.00212766 0.00324675 0.0267615 0.0444578 0.00271739 0 0.030713 0.118878 0.0056621 0.0255319 0.0194071 0.0681046 0.0294286 0.0225489 0.244263 0.0349128 0.339119 0.207054 0.360695 0.275113 0.616307 0.0819654 0.552847 0.733523 0.37906 0.10498 0.400568 0.0893436 0.762849 0.907142 0.130196 0.00739859 0.035215 0.0456199 1.21324 0.385581 0.745247 0.0657587 0.102957 0.170295 0.112653 0.0125988 
0.447115 0.0981889 2.99 2.43055 0.360981 1.36185 1.43142 1.08944 0.0355772 0.0942523 1.5955 0.0494919 0.107537 0.988909 2.54828 0.393143 0.0568553 1.1138 0.019518 0.0194149 0.157554 0.0455359 0.0796077 0.149876 0.537947 0.149271 0.16458 0.0942147 0.273215 0.020302 0.0626241 0.354677 5.28045 1.19106 4.74209 0.498208 0.710513 0.0105287 0.323555 0.57165 0.111873 0.841834 0.664061 0.273337 0.0617158 0.0511958 0.810578 0.0251731 0.0636881 0.0449398 0.0487301 0.0407806 0.109122 0.0142071 0.0248057 0.0157352 0.0251121 0.0294221 0.0161544 0.0630413 0.148124 0.0274089 0.0506479 0.00445927 0.0243177 0.0274972 0.0559345 0.330961 0.0289469 0.024468 0.0684122 0.00535722 0.617496 0.124103 0.345924 0.143809 0.546019 0.124584 0.586087 0.130252 0.412038 0.173097 0.0141768 0.0688753 0.0773106 0.0091479 0.145093 0.0805846 0.1353 0.0385261 0.00929538 0.0509634 0.0601082 0.134634 0.0137854 0.0527321 0.0927134 0.37745 0.0816956 0.161145 0.8906 0.0760034 0.512691 0.140944 0.0266409 0.0786541 0.184188 0.0117786 0.223772 0.0575622 0.0746564 0.0430033 0.237539 0.100343 0.478407 0.20268 0.0187101 0.0487288 0.0271232 0.0218178 0.00473929 0.0821606 0.0704177 0.0273225 0.0405402 0.0946032 0 0.0226436 0.278365 0.0680835 0.134639 0.0074364 0.107594 0.220055 0.573706 0.0849354 0.0669397 0.00474092 0.0575787 0.0740442 0.00980771 0.0150614 0.037394 0.0281325 0.251185 0.185479 0.112799 0.0403079 0.0101683 0.012743 0.0204678 0.00953436 0.0234848 0.0538633 0.0704698 0.0511368 0.0987021 0.0431856 0.00878008 0.159228 0.0188116 0.103013 0.00753306 0.0236817 0.039437 0.0914691 0.0181844 0.0114328 0.0252941 0.0258774 0.00680578 0.00948018 0.0317287 0.0192374 0.0100259 0.0027248 0.0598924 0.0205097 0.0695275 0.0319478 0.0392558 0.0194855 0.00494456 0.0043303 0.0194045 0.00423292 0.00492744 0.00885377 0.0411514 0.0849661 0.00641681 0.0551028 0.0552928 0.0340099 0.396066 0.0326902 0.0775242 0.0567018 0.0160298 0.127079 0.0252292 0.0906801 0.214093 0.0609964 0.0283074 0.0937229 0.245521 0.052115 1.63228 0.307767 0.773744 0.368749 0.430578 0.328655 0.225822 0.318984 0.392417 0.127802 0.247934 0.290622 0.102573 0.0912151 0.0671183 0.0288173 0.438524 0.797525 0.356259 0.293559 16.5315 0.819685 4.93716 2.2139 0.542762 0.075953 3.06807 0.390699 2.1247 0.475396 0.0511357 0.0556062 1.04201 0.0596099 0.0855361 0.0147245 0.125073 0.323651 2.00084 0.0358741 0.185836 0.127896 1.59675 0.697165 0.0575683 0.0202178 0.225847 0.440273 2.19381 0.11065 0.328412 1.69919 0.174279 0.0347616 0.248592 0.51755 0.624857 0.255783 0.375922 0.172485 0.0989195 0.0737109 0.0206694 0.26473 0.10427 0.0120123 0.156798 0.0457868 0.0158523 0.0165265 0.0453588 0.160631 0.90567 0.0936669 0.258 0.138451 0.3228 0.080103 2.55489 4.68811 0.0212146 0.0943109 0.0612862 0.0396729 0.0993038 0.647927 0.0410903 0.0196321 0.0161654 0.0263185 0.0327198 0.0714373 0.100927 0.0703613 0.0280076 0.0519018 2.4382 1.1317 0.114042 0.0216083 0.281201 0.1182 2.15256 1.68019 0.152752 0.305486 0.037323 0.191714 0.0367243 0.0162119 0.0017762 0.0144151 0.0972544 0.0598629 0.063323 0.0666271 0.0779265 0.15841 0.279445 0.0053286 0.0441539 0.0585018 0.0466502 0.110946 0.0111119 0.0140217 0.0554297 0.179718 0.0291113 0.478375 0.634436 0.033293 1.57416 1.59317 0.14254 0.162739 0.242779 0.154597 0.0535186 0.0199388 0.525623 0.0894204 0.0169911 0.155111 0.500485 0.710565 0.0185526 0.0511378 0.690019 0.261322 0.952299 0.425383 0.0615599 0.0383926 0.0366668 0.0404068 0.123904 0.289898 0.106738 0.0258706 0.0486362 0.00913087 0.108166 0.140031 0.00604839 0.0155776 0.0261936 0.00176367 0.0546407 0.0850603 0.0165734 0.054183 0.0494052 0.0445184 0.0714912 0.0987831 0.0151007 0.0128106 0.00800431 0.00178891 0.059124 0.00354285 0.0084588 0.00276243 0.315371 0.257257 0.109835 0.0474518 0.150797 0.470795 0.0735618 0.065907 0.0147351 0.015073 0.0202427 0.0113198 0.0188285 0.0090234 0.00424411 0.00212766 0.0328303 0.0526075 0.065818 0.0195892 0.0130976 0 0.0809399 0.0265914 0.0270856 0.0380358 0.0168688 0.0942567 0.101876 0.00181818 0.281706 0.0687475 0.00543478 0 0.00201613 0.00557435 0.00172117 0.0362552 0 0 0.124895 0.113305 0.00275482 0.00721098 0 0.00632911 0.0479936 0.0537436 0.0886047 0.0260156 0.0352289 0.0393561 0.0274144 0.00956444 0.0175489 0.0100479 0.0345185 0.107202 0.138385 0.174994 0.0930406 0.126034 0.0647218 0.0738395 0.0687822 0.0253731 0.0083715 0.0360815 0.00788183 0.0139486 0.0354289 0.0110253 0.014211 0.0929195 0.0627413 0.0125852 0.0290674 0.0325941 0.0588884 0.0412926 0.149186 0.132654 0.0569359 0.0263154 0.0892086 0.0353354 0.0513366 0.0492693 0.437166 1.01728 0.314845 0.0951243 0.114821 0.052129 0.0181722 0.067795 0.165727 0.414583 0.0491547 0.548807 0.0136719 0.00357383 0.00451849 0.0982365 0.0762473 0.679253 1.28408 6.45575 0.89752 5.09394 0.629555 0.376763 0.00492227 0.0475664 0.0631608 0.02533 0.334967 0.501241 0.743079 0.0495271 
0.0559957 0.24458 0.255628 0.343794 0.120462 0.467214 9.44292 0.917985 0.526481 0.171135 0.111415 0.128946 0.247709 1.4187 0.170504 0.481169 3.03859 3.80401 2.75728 0.0930098 0.0322227 0.498682 0.634773 0.263657 0.0100601 0.0725384 0.433357 0.248247 0.187113 6.54591 3.05236 0.445124 0.141224 0.22278 0.113927 0.0309482 0.419384 0.128402 0.0182315 0.171362 0.16567 0.0176271 0.13543 0.197594 0.0881153 0.115186 0.0811788 0.0232021 0.258161 0.153122 0.9205 0.389623 0.193695 0.25588 0.0680357 0.109497 0.2713 0.0477152 1.38574 0.86434 0.148735 0.869504 0.0318237 0.117467 0.117298 0.0424877 0.00425532 0.0582025 0.0773152 0.0123857 0.00203666 0.0811695 0.0713945 0.0297147 0.112021 0.0083913 0.159918 0.0228527 0.077768 0.102199 0.161081 0.10771 0.310092 0.886571 0.747377 0.0910297 0.332199 0.413278 0.0535704 0.216491 0.178568 0.295926 0.773215 0.545406 0.365863 0.514715 0.0469349 0.0609525 0.012807 0.0395 0.00822513 0 0.00479956 0.00668151 0.0237404 0.165485 0.0251036 0.0403063 0.162852 0.0402613 0.0880756 0.0492369 0.0144316 0.0469495 0.164919 0.180637 0.0446755 0.0970925 0.087625 0.0482844 0.0465667 0.0117981 0.00559701 0.00686555 0.0183773 0.112652 0.00557172 0.0250728 0.0343392 1.39669 0.160914 0.194935 0.669901 0.211451 0.0252021 0.348854 0.0241223 0.0193094 0.00212766 0.0249549 0.0919089 2.30461 0.82824 0.00547962 0.0561982 0.0503811 0.0212297 0.0359573 0.140389 0.126236 0.0651839 0.0328192 0.00362623 0.0462349 0.0263142 0.00173611 0.00778239 0.00212766 0.0144706 0.00425532 0.0247329 2.04391 0.054196 0.236687 0.0182241 0.074993 1.605 0.164874 0.240026 0.287988 0.268306 0.0678601 0.146443 1.33697 0.432129 0.0759358 0.013334 0.0192995 0.356996 0.141264 0.0299018 0.0137078 0.0423943 0.0420639 0.0333245 0.0360534 0.0279997 0.00397231 0.379817 0.229967 0.165626 0.109809 0.0689053 0.174714 0.00544959 0.0127975 0.503549 0.96775 0.0532335 0.0412749 0.175144 0.156968 0.0560513 0.085005 0.203293 0.207035 1.12272 2.02762 0.0473156 0.0226475 0.0221932 0.013571 0.00956062 0.0199495 0.00812211 0.0017762 0.0370122 0.0738906 0.029539 0.00403226 0.0764945 0.0275607 0.0293074 0.0685261 0.123725 0.00531237 0.00678708 0.0063275 0.0719932 0.00146413 0.0866811 0.00459356 0.0113816 0.0308778 0.0575266 0.0524131 0.497984 0.172269 0.0657505 0.0104532 0.266369 0.0684515 3.68416 0.432606 0.0249794 0.237602 0.0234054 0.0227238 0.538411 0.259416 0.114668 0.0126756 0.0535063 0.154999 0.0190206 0.0338323 0.0106909 0.0133845 0.587397 0.0402864 0.0807394 0.00697271 0.0189809 0.0140335 0.0253875 0.0173142 0.00868513 0.00725602 0.00759299 0.126335 0.112533 0.0196505 0.475323 0.00423736 0.0798509 0.00212766 0.898302 0.558303 0.0874318 0.0145316 0.0492441 0.07035 0.0570326 0.0143187 0.53393 0.0901561 1.24281 0.506415 0.00545455 0.084686 0.0154308 0.0123672 0.286729 0.0381604 0.282551 0.0601202 0.0358388 0.0348849 0.266418 0.0301084 0.0752933 0.0422226 0.0364568 0.00896239 0.0355236 0.0526461 0.0308652 0.0138348 0.0479692 0.0180778 0.0165743 0.0927743 0.039165 0.0148251 0.13828 0.141315 0.0105753 0.155548 0.0358552 0.0297062 0.866886 0.0991285 4.76034 1.81149 1.80601 0.44839 0.142226 0.167523 0.00172117 0.00276243 0.0416105 0.0187847 0.102561 0.119292 0.0859562 0.0427025 0.38598 0.18624 0.258065 0.135078 0.0964374 0.0596241 0.078072 0.152487 0.33095 0.0727299 0.339078 0.146738 0.125758 0.731239 0.460831 0.207347 6.54037 9.54363 1.43815 1.13692 6.54893 0.257078 0.0882949 0.306125 4.57072 0.169171 3.1125 1.73636 1.20405 0.141699 0.00861753 0.878417 0.0380262 0.0927281 0.69478 0.143387 0.226899 0.085368 0.603392 0.0371722 0.0461098 0.013707 0.0439027 0.013569 0.0138893 0.0212666 0.0203215 0.00636468 0.271675 0.43876 0.761823 0.106454 0.076653 0.0084323 0.138474 0.0239597 0.0310587 0 0.481575 0.460465 0.0374254 0 0.12575 0.112087 0.121524 0.336275 0.0556227 0.0205871 0.0488877 0.0527489 0.0323944 0.0219782 0.00827506 0.0176147 0.0348002 0.0174623 0.0882719 0.0212895 0.177627 0.0179968 0.0394008 0.0188174 0.00174825 0.0231807 0.0303399 0.013421 0.00220264 0.00222717 0.0295989 0.0172482 0.0105702 0.055761 0.11683 0.0579357 0.120137 0.176489 0.0933959 0.281148 0.290153 0.186618 0.143133 0.127932 0.41307 0.116557 0.585604 0.0869819 0.118156 0.00174825 0.0075108 0.0486343 0.0211738 0.0153117 0.0733848 0.0447025 0.0138398 0.0102921 0.0127223 0.0198121 0.146023 0.0572179 0.0245676 0.00212766 0.0108329 0.00474529 0.0100193 0.0311873 0.0100466 0.0355155 0.578758 0.173356 0.772262 0.196032 0.136808 0.100023 0.1179 0.242525 0.683851 1.14055 0.0241693 0.0357705 0.297711 0.0693229 0.947716 0.300995 0.442346 0.106232 0.0533034 0.0288047 0.111916 0.117965 0.304726 0.403856 0.0720283 0.206357 0.445733 0.00877572 0.0174927 0.0274149 0.070654 0.0286375 0.0261781 0.0102764 0.0449971 0.0127773 0.0387026 0.0734073 0.00918276 0.00858562 0.066902 0.0585994 0.100476 0.0341567 0.0307314 0.0185128 0 0.0090048 
0.162645 0.0702279 0.0892071 0.236944 0.310717 0.584157 0.309773 0.184748 0.0773948 0.0714682 0.122115 0.30021 0.0605867 0.274789 0.0797568 0.15848 0.552562 0.0546562 0.144114 0.494028 0.192269 0.824063 0.0953213 0.0388723 1.73057 2.91485 0.625944 0.0552023 0.163957 0.0357613 0.708279 0.312517 0.0167062 0.0213291 1.22576 0.39102 3.71592 1.50973 0.425841 1.38752 0.430255 1.44267 0.0971564 0.112379 0.398149 0.287554 0.145535 0.289297 0.229743 0.0978797 0.575335 0.169081 1.63329 16.1989 0.0590912 0.0427751 0.979033 0.412778 0.0624693 0.0503169 0.248834 1.66339 2.91523 0.643599 2.72048 2.31505 0.48442 0.85669 0.0832683 0.0882323 0.370721 0.0776145 0.0870105 0.313015 0.0716349 0.303084 0.207445 0.397682 0.0664855 0.103233 2.24528 0.62953 0.769657 0.342448 0.513933 0.11153 0 0.0775929 1.43567 0.0812235 0.309399 0.111018 0.440417 0.0491997 1.11393 0.31008 0.122689 0.735731 0.453164 0.214731 1.36623 0.411007 0.687878 3.01205 0.774718 0.199837 0.0443584 0.117505 0.0398963 0.0412778 0.0327631 0.120481 0.518589 1.17858 0.99196 2.21608 0.303918 0.208914 0.526979 2.35017 1.56392 2.29808 0.0191165 1.08423 2.14037 0.106936 0.130853 0.0455125 0.0918953 0.0432525 0.0215123 0.00384469 0.0727418 0.0142333 0.00428915 0 0.0250249 0.0158139 0.013289 0.00271739 0.0027248 0.0114049 0.0202911 0 0.375483 0.079088 0.216068 0.0967926 0.105297 0.0682327 0.114278 0.13682 0.0256521 0.0231162 0.0375728 0.0128104 0.00699301 0.00514382 0.0195678 0.00906344 0.111205 0.110543 0.796923 0.406379 0.075254 0.0445732 0.0390581 0.0466805 0.0631151 0.00917785 0.174134 0.122552 0.0178563 0.0326434 0.114469 0.114869 0.439869 0.0799174 0.0832355 0.270024 0.0749928 0.0515103 0.211342 0.0393798 0.00484505 0.022667 0.0879141 0.00276243 0.0139003 0 0.0296738 0.0210086 0.0688043 0.041099 0.0483711 0.0305162 0.0415903 0.0652219 0.00448846 0.0366186 0.108832 0.0782792 0.0820178 0.230937 0.0691644 0.0656158 0.105944 0.00718491 0.232946 0.128092 0.143935 0.0436736 0.035659 0 0.0639302 0.0203807 0.0314885 0.0629975 0.0720456 0.0953574 0.0331756 0.0241422 0.020916 0.00625745 0.0307442 0.182291 0.009765 0.00817605 0.112471 0.0794002 0.0130197 0.0107819 0 0.00410818 0.00420666 0.0165094 0.00384587 0.0296103 0 0.0118795 0.0132322 0.102714 0.0253724 0 0.0509462 0.0222191 0.28924 0.038319 0.101229 0.0959115 0.227426 0.455234 0.00764915 0.0215181 0.0310841 0.0230437 0.221869 0.122492 0.104739 0.0200681 0.0995985 0.0503309 0.0995694 1.02955 0 0.0126543 0.0204603 0 0.0730435 0.078989 0.00752876 0.0575928 0.0283625 0.00896762 0.0300447 0.0896507 0.00997539 0.00550216 0.00334448 0.0558774 0.107397 0.0941 0.350575 0.0210275 0.00178891 0.0664965 0.0185193 0.0109088 1.32008 0.0959904 0.0578627 0.00983903 0.638196 0.0783915 0.0765794 0.00938282 0.0449558 0.653075 0.478714 0.132143 0.111995 0.166922 0.018094 0.0493829 0.0966267 0.00562921 0.130679 0.0162545 0.012038 0.067223 0 0.0247204 0.326021 0.219704 0.291507 0.0820025 0.0514221 0.0577573 0.00990509 0.0692671 1.43383 0.102321 0.0509384 0.0692782 0.0474733 0.305695 0.141523 0.0152297 0.0116983 0.172085 0.0323611 0.198489 0.609265 0.315343 0.0176327 0.00544959 0.0447621 0.00201613 0.0676922 0.0312629 0.0186828 0.00276243 0.0384438 0.00402083 0.0834471 0.00456543 0.0360664 0.0131266 0.00947564 0.014656 0.00831215 0.0115954 0.0593755 0.0727573 0.0992152 0.0448293 0.0703603 0.0534712 0.249387 0.155925 0.0460749 0.0176588 0.254076 0.0995103 0.101643 0.0486798 0.0107628 0.00889065 0.229275 0.110622 0.162336 0.047007 0.0788874 0.0428395 0.0295138 0.0244987 0.020552 0.0085492 0.0246824 0.0234745 0.023404 0.0555958 0.0776893 0.0453043 0.280968 0.387175 0.161952 0.0694979 0.236649 0.0546228 0.0185515 0.104012 2.47211 0.809517 2.54459 0.788717 1.6575 1.33172 0.656356 1.18818 0.335424 0.570017 0.308405 0.400094 0.390352 1.28325 0.275732 0.162535 0.617157 0.0705699 0.685331 0.469774 0.209552 0.17789 1.07916 1.14594 0.637945 0.190394 0.334821 0.21875 0.156783 0.0286894 0.0873445 0.067612 0.275914 0.05466 0.148646 0.0965248 0.0918796 0.280843 0.380975 0.114322 0.079368 0.030266 0.0635645 0.0822121 0.280231 0.187222 0.0837779 1.0534 0.10048 0.167481 0.0296371 0.0269652 0.86542 0.309507 0.0314306 0.0388502 0.0617646 0.0908234 0.191958 0.181691 0.132772 0.0735467 0.327211 0.0777788 0.113073 0.29215 0.0371958 0.0367002 0.131509 0.017008 0.0306291 0.199122 0.0630342 0.0454773 0.038535 0 0.14029 0.942731 0.0519903 0.0469946 0.119099 0.0215989 0.0220536 0.0376966 0.0709623 0.0262952 0.0211184 0.0226771 0.631885 0.0771587 0.00618641 0.0357983 0.775583 2.30784 1.88031 0.435978 0.154609 0.0263237 0.324887 0.117655 1.90072 0.647717 2.01811 0.271087 0.0188214 0.130992 1.34337 0.572978 0 0.0144451 0.0997535 0.0224489 0.75449 0.267208 0.0173094 0.349294 0.197965 0.0405656 0.0321155 0.132645 
