500
84.2057 56.4278 0 2
265.795 92.7617 0 1
115.79 63.5525 0 2
231.503 126.917 0 1
200.142 183.456 0 1
247.979 101.365 0 1
143.277 22.2344 0 2
77.6575 82.1229 0 2
105.29 80.6872 0 2
100.909 60.7601 0 2
123.768 50.898 0 2
100.366 91.5288 0 2
225.814 178.019 0 1
131.512 139.758 0 1
139.314 67.4774 0 2
92.9613 79.7983 0 2
155.13 199.044 0 1
125.777 165.594 0 1
133.147 46.7301 0 2
225.784 136.757 0 1
156.05 163.792 0 1
99.2425 97.1102 0 1
95.1953 103.494 0 2
43.7331 99.5715 0 2
284.871 44.0378 0 1
144.499 121.798 0 1
264.164 166.597 0 1
206.659 196.322 0 1
117.067 102.592 0 1
162.805 192.867 0 1
211.797 160.426 0 1
181.242 210.451 0 1
237.09 56.8858 0 1
85.9328 155.277 0 1
161.282 173.052 0 1
205.759 128.401 0 1
158.109 118.709 0 1
291.841 70.7481 0 1
282.836 180.885 0 1
175.957 161.535 0 1
138.594 147.855 0 1
243.842 113.174 0 1
199.332 73.8243 0 1
83.9294 73.3936 0 1
145.994 35.2743 0 2
278.729 296.292 0 0
264.033 280.369 0 0
421.256 243.826 0 0
91.0795 190.281 0 1
274.765 184.638 0 1
260.231 74.8155 0 1
380.722 225.598 0 0
352.24 321.038 0 0
89.9715 87.9242 0 1
117.939 170.15 0 1
122.158 197.398 0 1
400.371 308.55 0 0
124.196 184.952 0 1
341.949 292.219 0 0
210.239 204.265 0 1
222.478 55.4755 0 1
332.278 231.989 0 0
292.148 271.93 0 0
258.459 229.659 0 0
76.0612 59.2928 0 1
324.034 385.682 0 0
458.959 177.061 0 0
319.204 297.741 0 0
287.169 305.68 0 0
83.2027 177.871 0 1
295.631 185.729 0 0
327.324 303.54 0 0
252.828 260.5 0 0
432.298 381.634 0 0
409.4 257.432 0 0
262.252 278.656 0 0
241.136 193.536 0 1
399.986 320.408 0 0
394.079 163.363 0 0
227.116 100.803 0 1
258.892 101.091 0 1
529.564 185.508 0 0
117.427 102.816 0 2
186.081 158.315 0 1
303.455 325.703 0 0
196.718 84.5412 0 1
290.149 270.526 0 0
167.941 112.569 0 1
317.834 146.253 0 0
276.331 262.717 0 0
49.8125 89.2489 0 2
295.267 135.915 0 1
410.047 268.683 0 0
313.187 120.727 0 0
107.345 93.8509 0 1
350.44 151.063 0 0
100.031 162.354 0 1
147.138 92.7886 0 1
160.86 90.8477 0 1
145.724 135.737 0 1
277.724 133.506 0 1
190.302 154.549 0 1
418.92 296.773 0 0
256.344 88.5389 0 1
360.836 420.739 0 0
167.395 145.439 0 0
165.144 157.005 0 1
276.841 294.682 0 0
293.511 184.283 0 0
163.81 160.794 0 0
537.549 163.592 0 0
214.006 187.805 0 0
268.537 411.671 0 0
261.713 187.436 0 0
157.408 134.696 0 1
229.47 31.0058 0 1
206.696 164.927 0 1
311.555 153.968 0 0
330.971 314.816 0 0
269.565 245.98 0 0
232.673 183.737 0 1
404.438 226.656 0 0
429.23 268.322 0 0
481.095 387.341 0 0
519.53 149.548 0 0
375.887 328.326 0 0
207.039 174.727 0 1
543.388 193.994 0 0
235.631 205.559 0 0
314.214 267.928 0 0
24.3112 90.3319 0 2
234.197 203.927 0 0
75.0836 104.58 0 2
515.45 343.487 0 0
266.303 258.141 0 0
492.787 405.346 0 0
111.647 26.6541 0 2
126.138 87.951 0 1
184.222 168.78 0 0
254.364 261.911 0 0
141.966 121.114 0 0
527.897 332.581 0 0
139.975 38.9292 0 2
160.481 131.966 0 0
384.371 321.772 0 0
245.274 351.006 0 0
478.64 182.19 0 0
218.384 111.456 0 1
445.285 393.951 0 0
487.107 224.52 0 0
421.639 408.944 0 0
504.637 123.214 0 0
452.853 284.181 0 0
150.111 135.66 0 0
154.237 185.119 0 1
340.67 308.848 0 0
449.584 273.426 0 0
462.566 121.977 0 0
251.325 176.061 0 0
455.25 201.826 0 0
305.628 118.967 0 0
283.759 329.651 0 0
305.588 55.5812 0 1
190.022 114.771 0 1
416.364 223.12 0 0
290.575 90.9606 0 1
304.62 293.876 0 0
463.679 307.694 0 0
384.069 400.833 0 0
239.575 337.73 0 0
372.625 341.416 0 0
363.405 420.814 0 0
409.114 294.977 0 0
401.121 416.438 0 0
166.395 181.53 0 1
473.367 99.4772 0 0
521.972 150.058 0 0
253.247 385.237 0 0
400.156 258.874 0 0
231.899 153.308 0 1
386.395 401.483 0 0
207.809 112.112 0 1
287.286 258.979 0 0
308.96 398.336 0 0
389.252 266.053 0 0
382.564 385.13 0 0
390.413 340.951 0 0
589.838 271.247 0 0
464.278 367.897 0 0
513.659 177.546 0 0
555.037 117.946 0 0
346.59 219.129 0 0
365.357 298.954 0 0
237.916 348.362 0 0
396.305 356.983 0 0
258.201 220.782 0 0
171.877 310.238 0 0
171.103 146.504 0 1
434.736 221.717 0 0
141.151 88.2001 0 0
383.743 216.628 0 0
483.476 387.569 0 0
415.131 279.519 0 0
11.7614 104.395 0 2
397.787 152.686 0 0
446.746 411.52 0 0
564.011 361.696 0 0
165.328 162.597 0 0
451.775 341.4 0 0
548.098 369.203 0 0
136.154 162.729 0 1
226.624 413.937 0 0
464.052 123.687 0 0
406.254 383.373 0 0
349.659 400.025 0 0
419.314 409.584 0 0
129.064 73.9661 0 0
299.759 143.416 0 1
369.352 413.828 0 0
257.653 355.01 0 0
420.579 245.442 0 0
315.01 122.474 0 0
61.3449 98.691 0 2
229.48 198.858 0 0
157.97 324.963 0 0
158.007 149.153 0 0
326.632 386.263 0 0
375.755 256.925 0 0
348.56 149.97 0 0
152.559 157.135 0 1
411.66 329.525 0 0
371.68 266.622 0 0
472.927 227.265 0 0
254.811 175.699 0 1
618.157 156.365 0 0
297.543 111.423 0 1
477.977 240.861 0 0
142.952 123.173 0 0
464.033 305.758 0 0
363.844 111.394 0 0
452.875 200.229 0 0
299.503 309.942 0 0
442.154 328.942 0 0
136.744 82.2609 0 2
401.85 320.453 0 0
152.596 118.404 0 0
466.558 367.407 0 0
592.243 271.747 0 0
389.739 307.855 0 0
215.801 188.877 0 0
117.521 394.109 0 0
288.036 260.845 0 0
451.875 339.359 0 0
325.946 169.219 0 0
266.745 374.462 0 0
29.9031 86.8404 0 2
201.89 113.07 0 1
356.93 58.5193 0 0
199.897 125.264 0 1
90.6658 92.0077 0 2
429.541 266.5 0 0
151.853 112.742 0 1
166.554 115.628 0 1
314.029 166.921 0 0
408.955 407.982 0 0
285.439 251.759 0 0
125.609 127.235 0 1
525.235 361.448 0 0
332.514 222.535 0 0
492.365 393.568 0 0
547.294 179.986 0 0
80.1541 66.4531 0 1
461.471 259.141 0 0
595.191 163.237 0 0
300.344 70.9204 0 1
167.13 111.091 0 1
55.7057 188.991 0 1
498.136 200.291 0 0
456.836 420.694 0 0
264.409 278.213 0 0
294.932 315.796 0 0
223.045 393.914 0 0
394.25 279.116 0 0
408.963 366.784 0 0
152.927 43.7558 0 1
270.402 244.414 0 0
518.545 203.597 0 0
363.901 100.182 0 0
475.454 100.795 0 0
239.401 120.26 0 1
432.302 366.674 0 0
437.009 117.931 0 0
371.863 386.274 0 0
88.7506 102.698 0 2
398.315 387.501 0 0
154.345 120.19 0 0
414.622 394.258 0 0
601.316 286.769 0 0
374.786 369.225 0 0
564.48 333.039 0 0
231.487 61.7291 0 1
296.581 177.48 0 0
396.843 373.716 0 0
277.201 353.593 0 0
503.233 124.869 0 0
453.733 340.872 0 0
301.283 406.597 0 0
233.06 205.948 0 0
65.7081 380.733 0 0
214.885 81.9642 0 1
334.776 319.364 0 0
246.72 203.03 0 1
309.571 104.144 0 0
317.246 297.159 0 0
552.656 173.421 0 0
326.405 209.581 0 0
475.131 314.153 0 0
150.646 137.767 0 0
550.712 369.345 0 0
461.315 123.762 0 0
290.755 404.514 0 0
564.32 138.558 0 0
75.6381 372.199 0 0
599.019 287.298 0 0
127.652 347.657 0 0
208.404 32.0692 0 1
276.991 183.989 0 0
374.675 313.848 0 0
286.31 148.49 0 0
62.8447 43.5704 0 2
459.491 225.329 0 0
61.0863 172.1 0 1
116.898 117.131 0 1
384.035 300.842 0 0
162.574 361.781 0 0
200.944 192.399 0 0
412.334 393.778 0 0
449.075 411.127 0 0
304.108 137.95 0 1
59.3664 173.547 0 1
260.781 323.182 0 0
210.991 178.939 0 0
154.671 164.691 0 1
189.947 206.699 0 1
567.104 317.841 0 0
580.141 158.825 0 0
475.52 113.37 0 0
197.706 133.007 0 1
615.845 155.812 0 0
510.536 418.691 0 0
403.974 246.958 0 0
496.401 110.215 0 0
428.388 163.239 0 0
452.376 274.522 0 0
386.212 323.221 0 0
344.896 369.672 0 0
307.927 178.149 0 0
21.7893 209.593 0 1
292.13 107.46 0 1
337.484 154.967 0 0
133.109 167.094 0 1
120.377 337.703 0 0
464.743 366.093 0 0
168.803 147.337 0 0
160.365 134.437 0 0
508.555 351.419 0 0
180.054 380.914 0 0
532.06 185.673 0 0
581.923 329.459 0 0
396.399 264.49 0 0
257.71 70.0207 0 0
196.936 170.408 0 0
281.49 317.399 0 0
475.228 252.485 0 0
433.735 352.863 0 0
375.262 310.624 0 0
260.404 239.391 0 0
398.44 339.9 0 0
459.257 388.135 0 0
533.726 151.661 0 0
252.158 62.1769 0 1
62.8688 82.758 0 2
217.42 74.1418 0 1
275.535 60.2575 0 0
240.526 231.117 0 0
217.943 171.265 0 0
371.443 414.515 0 0
192.864 370.237 0 0
424.461 390.919 0 0
351.709 399.484 0 0
364.046 89.6263 0 0
246.684 369.97 0 0
180.371 177.105 0 0
155.914 148.883 0 0
484.12 117.874 0 0
540.513 351.167 0 0
291.255 104.312 0 0
414.251 377.712 0 0
447.308 409.605 0 0
464.717 239.901 0 0
482.294 133.449 0 0
337.976 157.025 0 0
334.179 339.428 0 0
473.02 101.642 0 0
599.266 143.145 0 0
427.548 324.888 0 0
331.717 418.561 0 0
384.376 386.487 0 0
188.741 145.16 0 1
419.502 407.558 0 0
485.196 116.28 0 0
92.9087 84.2532 0 1
222.199 62.7024 0 1
538.771 162.369 0 0
445.675 171.317 0 0
314.323 137.033 0 0
417.478 59.2646 0 0
469.378 247.38 0 0
283.654 146.23 0 0
411.488 258.676 0 0
571.497 190.658 0 0
310.738 399.4 0 0
464.346 80.3259 0 0
394.021 357.423 0 0
319.989 340.605 0 0
106.771 107.044 0 1
400.27 386.914 0 0
580.075 214.323 0 0
132.826 128.618 0 1
351.511 362.496 0 0
473.319 86.6536 0 0
403.231 231.48 0 0
466.283 273.545 0 0
505.582 125.201 0 0
121.567 58.3287 0 2
410.881 294.715 0 0
253.624 134.366 0 1
290.899 414.93 0 0
594.267 223.392 0 0
185.587 189.754 0 1
84.8034 209.271 0 1
434.827 341.347 0 0
554.798 162.747 0 0
309.367 420.342 0 0
470.808 215.101 0 0
392.488 324.131 0 0
289.259 138.056 0 1
349.038 234.674 0 0
151.4 43.9306 0 2
339.03 307.715 0 0
545.146 192.994 0 0
365.239 359.403 0 0
586.725 321.676 0 0
264.752 401.523 0 0
191.804 177.804 0 0
276.967 279.334 0 0
346.804 368.806 0 0
481.874 385.519 0 0
42.9596 80.0694 0 2
529.029 198.238 0 0
274.731 260.736 0 0
316.085 393.74 0 0
357.142 235.994 0 0
478.624 353.517 0 0
411.869 338.327 0 0
393.274 302.051 0 0
435.132 351.988 0 0
419.246 298.647 0 0
505.134 373.688 0 0
191.29 162.382 0 0
130.148 93.2122 0 1
209.647 362.314 0 0
315.953 238.897 0 0
454.986 242.047 0 0
213.31 394.692 0 0
127.114 66.8006 0 2
216.602 191.288 0 1
291.453 399.472 0 0
178.606 175.505 0 0
261.814 241.05 0 0
407.918 374.045 0 0
131.334 108.664 0 1
604.061 273.805 0 0
549.233 275.688 0 0
464.478 213.606 0 0
228.505 47.6456 0 1
71.9212 170.743 0 1
255.184 418.321 0 0
565.878 200.674 0 0
255.134 208.92 0 1
434.339 382.918 0 0
205.72 174.259 0 0
70.4547 68.7315 0 2
48.5858 180.532 0 1
307.952 76.1368 0 0
376.458 291.045 0 0
354.401 280.832 0 0
269.294 315.885 0 0
582.987 407.301 0 0
267.644 36.9721 0 1
