0.66782
0.624521
0.878542
0.55137
0.840816
0.651282
0.684615
0.479167
0.753846
0.695312
0.933099
0.745704
0.347826
0.652027
0.831579
0.624573
0.432432
0.175182
0.792593
0.67029
0.85
0.566667
0.866221
0.663082
0.902439
0.906354
0.882155
0.750973
0.807018
0.952899
0.653846
0.956044
0.754325
0.758123
0.883636
0.595238
0.857143
0.938406
0.752988
0.551331
0.711409
0.359551
0.858131
0.971223
0.812709
0.844961
0.367893
0.622047
0.911765
0.560403
0.754325
0.520408
0.361233
0.83612
0.357388
0.681356
0.893993
0.505882
0.992701
0.824561
0.96337
0.469178
0.7
1
0.616197
0.712644
0.893238
0.958188
0.803279
0.584838
0.894928
0.711111
0.889262
0.967033
0.58427
0.537037
0.79927
0.98917
0.230769
0.530364
0.970588
0.876712
0.759857
0.867133
0.322148
0.85461
0.910072
0.824561
0.98227
0.96337
0.463768
0.49345
0.692308
0.563218
0.969925
0.375
0.593333
0.471186
0.885593
0.779817
0.556667
0.940298
0.887273
0.597865
0.831418
0.719298
0.805344
0.721088
0.576512
0.962963
0.920863
0.771626
0.905138
0.362903
0.683274
0.920319
0.942029
0.518248
0.65812
0.974453
0.398649
0.0666667
0.935714
0.876866
0.974729
0.831081
0.781022
0.96337
0.744966
0.651163
0.63
0.974074
0.261411
0.376569
0.88172
0.52381
0.690566
0.373585
0.897233
0.819149
0.255814
0.794872
0.504274
0.485401
0.406716
0.354839
0.885714
0.940959
0.530769
0.641026
0.981685
0.97482
0.48951
0.864865
0.822742
0.0988593
0.954023
0.569966
0.845614
0.981949
0.93133
0.981618
0.814229
0.811847
0.847826
0.326531
0.850394
0.782313
0.988722
0.651408
0.978102
0.530201
0.968504
0.872727
0.384
0.61512
0.679577
0.989011
0.930769
0.677903
0.959259
0.966912
0.931559
0.424812
0.952381
0.65283
0.798419
0.910853
0.844697
0.75
0.87037
0.8125
0.942238
0.934307
0.949458
0.992537
0.786822
0.620209
0.970909
0.977778
0.894737
0.287625
0.976834
0.663333
0.270833
0.751678
0.588889
0.834586
0.875
0.95053
0.801556
0.593361
0.557047
0.347328
0.771318
0.782258
0.434783
0.808333
0.713235
0.699647
0.842742
0.901186
0.631206
0.748062
0.87395
0.9
0.978022
0.796681
0.851301
0.759494
0.93609
0.413333
0.862903
0.534091
0.704641
0.855072
0.333333
0.352313
0.831967
0.43985
0.933594
0.464844
0.916996
0.80602
0.820339
0.949458
0.646667
0.547297
0.614286
0.921769
0.811111
0.913357
0.7
0.969582
0.946043
0.685714
0.862745
0.957692
0.939929
0.822222
0.616236
0.404181
0.695473
0.957692
0.937255
0.254545
0.950943
0.852843
0.967626
0.818182
0.95941
0.980843
0.635983
0.593407
0.978022
0.873563
0.963768
0.945525
0.645833
0.60251
0.896667
0.509346
0.956835
0.922807
0.809339
0.367698
0.614865
0.933798
0.9
0.945455
0.961977
0.933566
0.78629
0.947761
0.513208
0.540179
0.825503
0.963855
0.604
0.566802
0.759184
0.285714
0.229508
0.964413
0.900415
0.876448
0.779923
0.844538
0.609375
0.599265
0.881533
0.913858
0.927481
0.881679
0.781879
0.925439
0.567114
0.788945
0.876494
0.849372
0.926199
0.302583
0.729084
0.737288
0.502075
0.677193
0.96371
0.829091
0.758865
0.937729
0.98155
0.837302
0.797357
0.904564
0.989011
0.903704
0.473154
0.726351
0.785211
0.794118
0.747525
0.714815
0.92446
0.862348
0.894958
0.836502
0.934866
0.844961
0.977612
0.938931
0.769874
0.304762
0.980916
0.961089
0.738095
0.971119
0.637097
0.790795
0.821277
0.762931
0.940351
0.795181
0.531599
0.8583
0.861472
0.8223
0.493333
0.469925
0.8625
0.977444
0.927039
0.845833
0.695833
0.734043
0.766917
0.978261
0.918605
0.974453
0.821168
0.917355
0.641509
0.869388
0.711462
0.608997
0.896429
0.388889
0.838843
0.803828
0.319231
0.621849
0.857708
0.846939
0.936842
0.589147
0.639241
0.920949
0.787149
0.616
0.834677
0.574324
0.921348
0.140351
0.451724
0.627907
0.68662
0.90106
0.962406
0.927711
0.660714
0.947368
0.946058
0.844262
0.988506
0.892562
0.895349
0.825
0.911661
0.955882
0.944444
0.373333
0.417857
0.580537
0.591912
0.807273
0.97037
0.951673
0.742424
0.913333
0.656357
0.721154
0.355212
0.685484
0.573883
0.967626
0.545455
0.571956
0.937743
0.765568
0.988889
0.926923
0.913725
0.874439
0.932862
0.70428
