0.0104167
0.0111111
0.0117647
0.0105263
0.0117647
0.0163934
0.0114943
0.0105263
0.0144928
0.0114943
0.0106383
0.0104167
0.0111111
0.0102041
0.0105263
0.0104167
0.0111111
0.011236
0.0217391
0.0108696
0.01
0.01
0.010101
0.0107527
0.0140845
0.01
0.01
0.0119048
0.0105263
0.0111111
0.0136986
0.011236
0.0102041
0.0106383
0.0113636
0.0104167
0.0108696
0.0111111
0.0120482
0.0113636
0.0103093
0.03125
0.0105263
0.010989
0.01
0.0119048
0.01
0.0116279
0.0111111
0.0102041
0.0102041
0.0102041
0.012987
0.01
0.0102041
0.0102041
0.010989
0.0119048
0.0111111
0.0108696
0.011236
0.0102041
0.0107527
0.010989
0.0105263
0.0114943
0.0105263
0.0104167
0.0285714
0.010989
0.0114943
0.011236
0.010101
0.0113636
0.0114943
0.010989
0.010989
0.0113636
0.0625
0.0117647
0.011236
0.0103093
0.0107527
0.0103093
0.01
0.011236
0.0108696
0.0104167
0.0108696
0.0111111
0.0243902
0.012987
0.01
0.0119048
0.0113636
0.0105263
0.01
0.010101
0.012987
0.0128205
0.01
0.0108696
0.010989
0.0106383
0.0114943
0.0104167
0.0114943
0.0102041
0.0108696
0.0116279
0.0111111
0.0105263
0.0119048
0.0227273
0.0106383
0.0119048
0.0113636
0.0105263
0.030303
0.0111111
0.0103093
0.0625
0.011236
0.0111111
0.0111111
0.01
0.0106383
0.011236
0.0102041
0.0114943
0.01
0.0113636
0.0117647
0.0133333
0.0108696
0.010989
0.0117647
0.0108696
0.0119048
0.0106383
0.0136986
0.0175439
0.0126582
0.0106383
0.0113636
0.0434783
0.02
0.0113636
0.0111111
0.010989
0.0111111
0.0108696
0.0106383
0.010989
0.01
0.0117647
0.0114943
0.0102041
0.0108696
0.0113636
0.0140845
0.011236
0.0119048
0.0105263
0.0136986
0.0102041
0.0117647
0.0103093
0.0116279
0.0105263
0.0113636
0.01
0.0125
0.0111111
0.0114943
0.0102041
0.0106383
0.0113636
0.0113636
0.0117647
0.011236
0.0111111
0.0113636
0.010989
0.0113636
0.0114943
0.010989
0.0119048
0.0117647
0.0120482
0.0111111
0.0105263
0.0114943
0.0217391
0.011236
0.011236
0.0114943
0.0104167
0.0114943
0.0114943
0.012987
0.010101
0.0117647
0.01
0.0103093
0.0192308
0.0107527
0.011236
0.0128205
0.0106383
0.011236
0.0120482
0.0103093
0.0113636
0.010989
0.0113636
0.01
0.0121951
0.010989
0.0106383
0.0121951
0.0121951
0.0107527
0.0113636
0.0123457
0.0108696
0.0111111
0.0128205
0.0113636
0.0333333
0.0119048
0.01
0.0120482
0.015873
0.0123457
0.0142857
0.0111111
0.0107527
0.0125
0.011236
0.0123457
0.0113636
0.010989
0.01
0.010101
0.010989
0.01
0.0103093
0.0142857
0.0102041
0.0107527
0.0114943
0.0128205
0.0116279
0.010989
0.0114943
0.0144928
0.0117647
0.0106383
0.0117647
0.010989
0.0106383
0.0120482
0.0119048
0.0119048
0.05
0.011236
0.01
0.0111111
0.0119048
0.0114943
0.0119048
0.0125
0.0106383
0.011236
0.0117647
0.0113636
0.0119048
0.0151515
0.0123457
0.01
0.0128205
0.010989
0.0105263
0.0113636
0.0105263
0.0102041
0.0103093
0.011236
0.0111111
0.0117647
0.0105263
0.0120482
0.0117647
0.0117647
0.0142857
0.0102041
0.0120482
0.0120482
0.0120482
0.0125
0.0103093
0.0119048
0.011236
0.0131579
0.0114943
0.010989
0.0123457
0.0116279
0.0111111
0.0104167
0.0116279
0.0120482
0.0116279
0.01
0.0136986
0.010101
0.0151515
0.0119048
0.0126582
0.0113636
0.0114943
0.0120482
0.0125
0.0123457
0.0105263
0.0121951
0.0108696
0.0107527
0.0111111
0.0111111
0.0117647
0.0136986
0.0123457
0.0111111
0.0120482
0.01
0.0102041
0.0105263
0.0123457
0.0140845
0.0117647
0.0113636
0.0121951
0.0123457
0.0111111
0.0116279
0.0111111
0.0116279
0.0117647
0.0123457
0.0294118
0.0119048
0.0120482
0.0113636
0.011236
0.0121951
0.0120482
0.0133333
0.0136986
0.0105263
0.0123457
0.0107527
0.0123457
0.0131579
0.0105263
0.01
0.011236
0.0121951
0.0117647
0.012987
0.0125
0.0121951
0.0108696
0.0113636
0.0111111
0.0117647
0.010989
0.010989
0.0121951
0.0111111
0.0120482
0.0120482
0.0102041
0.0106383
0.0135135
0.0119048
0.0147059
0.0116279
0.0232558
0.010989
0.0102041
0.0105263
0.0114943
0.02
0.0116279
0.0123457
0.0114943
0.0123457
0.01
0.0119048
0.0105263
0.0105263
0.0120482
0.0106383
0.0107527
0.0119048
0.0121951
0.0114943
0.0104167
0.0123457
0.0119048
0.0119048
0.0123457
0.010989
0.0108696
0.0106383
0.0111111
0.0119048
0.01
0.0108696
0.01
0.010989
0.0117647
0.0113636
0.0111111
0.011236
0.01
0.0105263
0.0285714
0.0116279
0.0120482
0.0103093
0.0111111
0.0140845
0.0113636
0.0113636
0.011236
0.0114943
0.0119048
0.0120482
0.0126582
0.010989
0.011236
0.62438 0.207602 0.146623 0.182905 0.0691643 0.698398 0.119527 0.362666 1.78121 2.36164 0.35724 0.149687 0.968195 1.49463 2.28667 1.29939 1.35224 0.470698 0.6093 0.587626 0.40336 0.484433 0.314446 1.45729 0.424314 0.747761 0.923431 0.26935 0.19917 0.183862 0.368652 0.240358 1.04638 0.596233 1.03625 1.07128 0.790436 0.309636 0.395955 1.23076 0.0372144 0.0581704 2.08436 1.84649 0.183387 0.447749 0.334824 0.148994 0.999164 3.11273 0.52083 1.34307 0.641903 0.330364 0.773733 1.5633 0.410965 0.518429 0.574046 0.269207 0.570212 1.6751 1.24117 0.291613 0.215628 0.243555 0.82089 0.249879 0.60213 0.144313 0.291116 0.779616 0.924765 1.49644 0.768542 0.26474 7.37232 0 1.46833 1.25915 1.43174 1.80872 0.443151 0.423444 0.988241 0.825383 0.240617 1.29254 0.891669 0.472658 3.06889 1.72571 0.686642 0.220995 0.574362 0.183635 0.0903859 0.0468536 0.814277 1.55746 1.53868 2.37505 1.5093 1.13804 0.988214 5.68815 2.12883 5.74459 0.937264 1.14178 4.36925 0.394363 0.281764 0.149336 0.13362 0.225355 0.994449 0.38144 1.00158 0.406654 0.418026 0.994382 0.388144 0.56909 0.382605 0.851698 0.673861 0.140624 2.58489 0.599506 1.6538 0.347733 2.42315 2.2536 0.904712 0.643407 3.6101 0.916871 3.37089 1.03398 0.254265 0.233601 0.358552 0.540403 1.44413 0.536968 3.27568 3.58253 2.88127 1.0968 0.293285 1.37739 2.29433 1.61137 0.322248 0.320713 1.02449 1.20616 2.77222 2.13449 0.613064 1.75274 0.284514 0.0911335 0.545843 0.0772849 0.127767 0.296818 0.281255 0.161386 0.627088 0.35604 0.649296 0.366722 0.207247 0.115395 0.496708 0.980954 0.323996 1.49661 0.355135 0.388882 1.09242 1.2587 0.162017 0.11101 0.0497649 0.104617 0.133871 0.337046 0.253446 0.63099 0.604023 0.470098 1.05699 0.0951963 0.354432 0.975831 0.950826 0.360672 0.555296 0.487973 0.66515 1.05634 0.212088 0.272432 0.155706 0.286258 2.50239 1.38957 1.84781 1.02462 8.31252 14.1272 0.780432 2.05973 0.309171 0.396436 2.28378 0.734362 1.51176 3.15735 0.297229 2.85233 1.0688 1.07025 0.335905 0.819795 1.17056 0.318102 6.87407 1.49025 0.676974 0.23067 0.799828 1.16466 0.581995 0.208753 0.349977 0.385218 0.153089 0.294587 1.58459 0.610879 0.548382 0.52921 3.66396 0.650013 1.82435 3.64813 0.693411 2.06603 0.434493 2.07717 0.767417 3.7068 1.22131 0.700037 10.9371 5.40674 1.23862 4.85093 8.41848 4.18247 0.80402 1.01907 5.771 1.81783 0.959358 1.44508 0.148378 0.346583 0.830099 0.335484 0.479938 0.557638 6.73545 2.05264 0.508312 1.04739 0.533306 0.289273 1.17841 0.0961224 0.528203 1.45935 0.240057 0.808911 0.525899 0.577973 0.550149 0.415368 0.64859 1.10166 1.1972 0.40063 1.59249 1.60849 1.20602 1.30185 1.01998 1.0451 0.851004 0.295505 0.458463 1.43113 0.851752 0.744294 0.571365 0.34219 0.320727 0.373437 0.65947 1.87367 1.97312 0.974038 0.575203 0.87134 0.173292 2.70403 0.211679 0.0890936 0.36206 0.159398 0.942714 0.717701 0.536211 0.840304 0.505727 1.47646 0.26433 1.20872 0.406273 1.1519 0.389094 1.07005 0.0919404 0.491407 0.377378 0.0225044 0.329508 0.711056 0.565041 0.189913 0.0788245 0.992402 0.253408 0.768084 0.202457 0.171861 0.540857 0.47507 0.216271 0.0583317 0.104737 0.391795 0.974755 0.647272 2.46607 3.06468 0.220518 0.138201 0.280872 0.183373 0.429921 0.0826604 1.68327 1.14817 0.624166 0.203411 0.797219 0.300268 0.139723 0.336439 0.694569 2.78891 0.205686 0.883145 0.183763 0.464732 0.363827 0.419234 0.389289 0.288754 0.476404 0.191369 0.35249 0.187164 0.54306 0.484802 0.392815 0.743721 0.17632 0.295082 0.374439 0.764225 0.264822 0.126069 0.191366 0.105935 0.20167 0.834692 0.301229 0.733628 0.539762 0.288272 0.18317 0.426852 0.158271 0.126304 0.126188 0.189969 0.331846 0.146468 0.130432 0.158119 0.554791 0.247261 0.300379 0.298263 0.0227041 0.0908379 0.343044 0.101363 0.143107 0.0672046 0.0949557 0.0435606 0.295854 0.400406 0.125624 0.172353 0.202671 0.0580247 0.0690908 0.156036 0.0803901 0.0681924 0.031438 0.0965082 0.373197 0.200178 0.082762 0.20025 0.100764 0.0858993 0.326193 0.146722 0.902955 0.446439 0.120283 0.297437 0.328432 0.0677387 0.298695 0.260055 0.197305 0.128402 0.14208 0.183858 0.681439 0.563209 0.26064 0.237395 0.0471008 0.107125 0.174153 0.0943872 0.0954718 0.0689227 0.128383 0.227072 0.886548 0.566022 0.9761 0.509324 1.05858 0.609766 0.360498 0.112996 0.0663445 0.0770387 0.16534 0.26532 0.115071 0.20846 0.167928 0.0675718 0.194541 0.143554 0.182232 0.23161 0.0691539 0.0633949 0.104443 0.183396 0.124566 0.133237 0.230649 0.0908035 0.675497 0.112281 0.222871 0.164909 1.23704 0.328835 0.206965 0.425912 0.876684 0.376674 0.447769 0.010989 
3.51812 1.91433 1.40899 1.28674 0.800453 0.893534 0.0574059 0.626581 1.89177 0.882973 0.815711 1.12456 7.36466 1.29114 1.90626 0.858045 1.94282 0.61944 1.23299 0.0361734 0.785793 0.262954 0.427984 0.435101 0.366707 0.834794 0.313206 0.51423 1.60594 1.14355 1.30317 0.637168 0.417936 2.44938 2.3528 3.07514 0.139528 0.190891 0.13643 0.206143 4.48068 0.676817 1.94762 4.67584 4.06922 2.27396 1.82892 0.0273973 1.43691 0.639931 1.10038 0.08997 0.564776 0.65621 1.48162 0.85915 0.255361 0.797381 0.208984 0.186767 0.622188 0.562774 0.046267 0.122912 0.250713 0.567467 1.3649 0.705234 0.403726 1.24208 0.263327 0.192221 0.93468 1.21194 0.383121 0.678819 0.423409 0.819203 0.414377 0.208899 0.133703 0.136607 0.426131 0.352163 0.257695 0.292783 0.442692 0.303711 0.459166 0.312058 0.260297 0.124075 0.105142 0.223598 0.0562518 0.0683949 0.0925446 0.0690005 0.382085 0.440739 1.2537 2.22955 1.4393 1.21542 0.350206 0.702624 1.64201 1.60557 2.49967 1.48281 0.620332 3.17497 0.410142 2.62912 0.258913 0.156791 1.80344 0.363887 0.482872 0.171153 1.20165 1.1937 0.599237 2.24386 0.33595 0.426251 0.499462 0.33703 0.0809359 0.229267 0.0763447 0.0465802 0.385404 0.392005 0.0583236 0.0210526 2.98466 1.41778 1.38032 0.487453 1.30718 1.18677 0.287628 1.45845 0.350696 0.666847 0.299832 0.520752 0.777906 1.36645 0.480918 0.230093 0.895401 0.167856 0.436167 0.837739 1.17736 1.39723 0.949718 1.35279 0.413597 0.201511 0.421908 0.284874 0.798951 1.71848 1.43599 0.215753 1.62866 1.12989 4.41079 2.23089 0.707779 0.454079 3.38196 1.1575 0.227294 0.575891 0.208485 0.206551 0.200924 0.428057 0.448607 0.0359209 0.588578 0.393666 0.378749 0.449822 1.8567 0.931413 1.37571 2.14034 1.83661 1.2088 1.45966 0.893001 2.18308 0.463327 0.725263 2.47031 0.631711 0.265447 0.825496 0.663059 1.84886 0.555487 0.82038 1.22992 0.440915 1.35259 0.682898 0.665453 0.219662 0.516429 2.10032 0.389589 0.553566 3.48155 0.970742 0.313161 1.02195 0.403947 0.652226 1.25203 0.130732 0.135655 0.226313 0.163729 0.0340688 0.0120482 0.131747 0.0767706 0.243132 0.113086 0.336633 0.0357143 0.55964 0.143414 0.255556 0.19314 1.14806 0.466881 0.494934 0.197444 3.04948 2.63231 1.43312 1.40224 0.0698741 0.218883 0.705083 0.282234 0.519418 0.141476 1.33442 0.957232 0.551358 0.724663 2.81521 0.541407 2.18616 1.71876 1.49091 1.48369 2.26922 1.93464 1.16272 2.27109 0.494704 0.307462 0.1441 0.222604 0.152589 0.562769 0.475419 1.08875 5.66308 1.40017 0.576168 0.60156 0.937707 2.84484 0.251282 0.38875 0.712167 0.143699 0.308883 1.31131 1.24966 0.451065 0.379983 0.364928 0.238499 0.42186 0.250299 0.396987 2.69567 1.43093 1.3857 0.351106 1.86737 1.84617 0.36635 0.596148 0.521718 1.37695 0.264445 0.490092 0.546015 0.21159 0.405178 2.55351 0.633964 1.79719 0.785486 0.852933 1.45189 6.00872 1.92487 1.64136 0.79928 0.570807 0.656013 0.293692 0.890434 0.0998985 0.479646 0.347787 0.913598 7.81919 2.2965 2.59273 2.18827 8.3286 4.21875 0.022225 0.606917 0.415675 1.05494 0.847296 0.0817524 0.890879 0.16963 0.869482 2.54671 1.34334 0.593327 7.42505 1.49649 1.47369 1.72682 0.38786 0.246777 0.0570522 0.476245 0.505159 0.0576262 0.0245938 0.124031 0.0430584 0.280917 0.0902687 0.969536 0.590434 0.647468 0.351568 0.0321637 0.0664754 0.206237 0.341094 0.342631 0.40381 0.651202 0.117301 0.719744 0.187976 0.269531 0.225788 1.23962 0.446644 0.201025 0.138262 0.276343 0.223102 0.393273 0.196456 0.19253 0.392286 0.661517 0.27785 0.539414 0.442778 0.114342 0.0999981 0.439192 0.189048 0.279861 0.12248 0.369283 0.342656 1.50634 0.403282 0.777218 0.334662 0.227065 0.251503 0.0569401 0.485738 0.297068 0.337339 0.446658 0.984754 1.78147 1.02921 1.02688 0.246208 0.587191 2.39529 1.41486 0.97517 0.364052 0.841707 0.852855 0.561218 0.454233 0.184111 0.703922 1.15669 0.71389 0.896894 0.89769 0.775298 0.183606 0.267969 0.0552379 0.214189 0.46403 0.216346 0.163163 0.791933 0.335723 0.493417 0.174387 0.135305 0.334247 0.322615 0.486839 0.343001 0.553229 3.54174 0.606526 1.19417 0.608707 1.117 2.55443 0.441095 0.254263 1.97264 0.723262 0.656083 0.304529 2.13105 0.596018 1.89307 0.211321 0.0628093 0.479611 0.236765 0.886887 0.463023 0.292822 0.192578 1.2949 0.340698 0.277624 0.480166 0.204075 0.22145 0.115059 0.0997164 1.45278 0.812095 0.252772 1.39693 0.513539 0.331378 0.408538 0.373811 0.341683 0.187096 0.62239 0.558509 0.126257 0.106105 1.06617 0.0844233 0.385355 1.02059 0.248182 0.955451 0.969676 0.49627 0.254662 0.791267 0.59153 0.305324 0.253502 0.227516 0.271006 0.243946 0.537746 0.60117 
3.1093 1.80249 1.28591 1.34877 2.7128 3.57469 1.24156 4.58922 0.721023 0.758787 0.630238 1.03387 0.929812 0.797297 0.551356 1.41397 0.40839 0.269395 0.268907 0.0642964 0.837071 0.0993418 0.217575 0.461303 0.0695429 0.0489984 0.128093 0.0576387 0.498168 0.516603 0.183021 0.331783 1.75857 1.8107 0.808211 2.36568 0.0575437 0.299515 0.675326 0.159583 1.08967 1.19384 0.262036 0.902153 1.37545 0.760084 1.28153 0.438328 0.295482 0.723455 1.66557 0.347914 0.678362 0.759923 1.31154 0.417505 0.399391 0.831525 0.320755 0.774555 0.407861 0.13523 0.322814 0.0958106 1.76329 1.0185 0.527344 0.644639 0.722739 1.2314 0.444016 1.17153 1.49021 1.4491 0.626537 2.24576 0.50483 1.27835 1.04912 0.777077 1.66474 3.21671 0.0121951 0.28705 1.18863 0.708585 0.451235 0.0946503 1.04547 1.17744 0.771799 0.627408 0.429664 2.76822 0.969043 0.24689 1.0398 0.401428 1.38019 1.26573 0.467956 0.464619 0.547076 0.746894 2.43247 0.703465 1.99877 0.346027 0.488647 0.458029 0.900533 1.2185 0.260713 0.924301 0.624391 0.415205 0.3168 0.446658 0.271113 0.166501 0.204365 0.342315 0.387253 0.351294 0.182294 0.0899511 0.336622 0.259135 9.74166 5.97079 1.86621 1.02239 1.3506 5.77694 1.1781 0.932874 0.0439997 0.382116 2.39963 1.36866 0.64599 0.703926 0.302536 0.590704 5.74004 0.935072 0.999055 2.39891 0.95059 1.95348 0.550192 1.77391 0.189663 0.581479 4.23104 3.02195 0.414302 1.66208 2.45276 0.528074 1.12825 0.378742 0.817779 0.376668 0.126561 0.0226118 0.544616 0.261674 0.155252 0.191631 0.256264 0.102911 0.260194 0.16893 0.445312 0.545297 0.499916 0.216998 0.351441 0.557316 0.177678 0.298457 0.155413 0.0822981 0.203375 0.584436 0.378676 0.505503 0.208994 0.464912 0.31999 0.290298 1.03339 1.1211 4.32392 1.98302 0.892103 1.45959 0.89657 4.1805 1.33127 0.12183 5.8602 0.707235 10.4984 1.35668 1.69821 3.19585 0.526006 0.17684 0.498127 0.751765 0.120457 0.330626 0.178551 0.0327786 12.6657 5.94562 3.27631 3.5215 0.0788504 1.68357 1.35594 1.39674 1.1034 0.848353 0.341865 1.0073 0.439968 2.61555 0.501194 1.0155 0.452556 0.533543 0.84071 0.307819 0.332545 0.569759 0.572664 0.395488 4.08768 2.48715 0.698875 0.656408 1.66039 1.74821 0.40027 0.206991 0.601416 0.525679 0.226252 1.3211 0.320036 0.182803 0.0929944 0.214569 1.7483 0.989127 0.555142 2.23357 0.532549 0.414876 3.10657 0.977023 0.435004 0.192811 0.176681 0.15055 0.812651 0.126939 0.0218586 0.153359 0.274073 0.209666 0.220171 0.160688 1.49072 0.207398 0.791921 0.699566 0.702814 0.338002 0.237606 0.814723 0.927681 1.22924 0.297897 0.391233 0.511879 0.48768 0.360045 0.240347 0.777079 0.815752 0.840671 0.681018 0.317591 0.304301 0.378971 0.636096 0.824909 0.910368 0.728356 0.577428 0.316894 0.150295 1.13151 0.225736 0.817263 0.500784 0.376744 0.251283 0.0346926 0.285612 0.261673 0.149084 0.0685574 0.115597 0.461741 0.280022 1.32014 1.12465 0.934124 0.415849 0.171989 0.777527 0.144002 0.119852 0.835574 0.370096 0.264428 0.40428 0.346326 0.34315 0.209271 0.196864 0.396008 0.379463 2.00882 0.600934 0.843 0.55282 0.150016 0.530902 0.0683712 0.148835 0.27426 0.497117 0.781347 0.0235816 0.431155 0.22721 0.378641 0.401026 0.271349 0.691964 0.360632 1.67067 1.19306 0.517591 0.113701 0.097361 0.33743 0.25035 0.326274 0.180484 0.146 0.0125 0.761544 1.09552 0.552846 0.762927 0.546715 0.26109 0.246964 0.209044 0.514289 0.394332 0.712324 0.112516 0.43631 0.407276 0.152171 0.0651393 0.621055 0.568984 0.748064 0.229845 0.401868 0.317512 0.616014 1.24756 0.688869 0.399882 0.4665 0.27072 0.436994 0.238941 0.453046 0.0687148 1.33998 0.480594 0.681703 1.29665 0.590657 1.50861 0.337186 0.490473 0.334858 0.565512 0.377806 0.156341 0.323897 0.620033 0.358737 0.772678 0.152117 0.350844 0.439629 0.0979779 1.33968 0.978153 1.52475 2.21435 0.444427 4.32312 0.688527 0.0909078 4.10536 1.14271 0.975355 0.620742 0.745435 0.552164 1.00964 0.0924276 0.139399 0.596417 0.717453 0.778623 0.235885 0.434235 0.445578 1.32167 1.99124 0.71525 0.99442 0.273525 0.236929 0.208654 0.257258 0.0439589 0.392757 0.838717 0.432467 1.32106 0.709682 1.71229 0.553767 1.11469 0.63639 1.33112 0.345716 0.169958 0.80936 1.09829 0.449985 0.589335 0.359478 0.200856 0.181421 0.36454 0.770631 1.22622 0.745325 1.28362 0.478833 1.04427 0.322395 0.368099 0.829083 0.758687 0.242221 0.418611 2.22615 0.575201 0.483773 0.515159 0.852632 1.00362 0.192452 0.740373 3.97366 0.911984 0.535752 0.227127 0.489789 0.433435 0.91776 0.792712 0.235704 0.361877 0.283221 0.326217 2.85739 0.411246 0.44817 0.80461 0.304073 0.43772 0.832486 0.947565 
1.03766 0.812367 0.367049 0.155047 1.2962 1.17857 0.405506 2.3357 1.89204 1.32642 1.00128 0.429383 1.22156 1.1809 0.698133 0.692062 2.94278 0.728874 0.331468 0.471904 0.743031 0.323754 1.07885 0.485801 0.750922 0.145826 1.3263 0.25271 0.646815 1.69727 1.9578 1.16725 0.263835 1.4804 0.952987 0.512489 3.1018 5.41903 1.71344 1.71566 1.51046 0.702666 1.64105 1.57564 4.63006 2.91872 5.30448 5.61673 1.25979 3.11294 1.01925 0.832379 0.48405 0.293278 0.752214 1.73698 1.71531 3.50959 3.27946 0.539272 1.29529 0.888886 0.18657 0.12195 0.401573 2.5924 1.61952 3.54587 1.1433 2.73961 0.0696393 0.0442242 3.39462 3.74649 0.392102 0.67973 0.54442 2.68721 2.33161 1.8272 1.1976 0.60834 2.59032 1.791 1.10446 4.39548 1.62153 8.79712 0.673019 0.306862 0.784225 0.916728 2.53934 1.48261 0.792477 0.51398 2.29426 0.952517 1.48609 0.243061 0.203777 0.299277 0.944014 0.588071 0.280525 0.211986 1.16993 0.741297 2.29079 9.99015 4.835 1.61728 0.833768 0.686624 0.372807 0.479467 0.524502 0.558671 0.843173 1.61702 1.8281 1.17806 0.28845 0.606807 0.537647 1.43532 9.55642 0.697818 0.678156 0.926977 0.0445776 0.364278 0.333804 0.234116 0.989219 2.26512 0.537033 1.055 0.250356 0.222141 0.971862 0.315368 0.224335 0.291137 0.501381 1.87181 1.58822 0.664258 6.22232 5.13595 0.132936 0.155894 4.536 2.02139 1.60908 0.650919 1.21085 1.38773 2.89295 2.20188 3.74924 2.22216 1.33321 2.26594 0.654284 0.356392 1.53807 0.848769 2.3562 0.0991541 0.423205 1.02125 0.494273 0.272707 2.18958 1.20042 0.398725 0.302724 0.146561 0.520263 0.395244 0.0578088 0.186249 0.36055 0.132146 0.0111111 0.0977443 0.118416 0.173263 0.105563 0.637806 1.04538 2.67163 1.87021 0.881928 0.914134 0.295908 0.811763 0.448902 0.177823 1.61169 0.903555 0.692276 0.547375 0.784515 1.44128 0.843157 0.188976 1.18447 2.21306 1.45884 0.430309 0.390731 0.665038 1.65374 0.404387 0.634619 1.72417 0.587834 0.937066 0.254948 0.454789 1.1811 0.288646 1.50103 0.388708 0.185587 0.297386 0.392818 0.460173 0.709223 0.528257 0.721999 0.517681 0.279815 0.233817 0.386089 0.101881 0.249712 0.511436 0.402549 0.490967 1.30923 1.10454 1.17808 1.2763 0.897568 1.02826 0.158205 0.567326 0.375393 0.523177 1.79714 1.2896 1.30604 0.946455 0.163153 0.28235 0.124963 0.0694695 0.733061 0.764098 1.68185 1.7264 0.456245 0.18477 0.360512 0.175097 0.331225 0.142837 0.664271 0.261228 0.219552 0.513825 0.739332 0.589396 1.3668 1.24252 0.841626 0.571076 0.586686 0.0780674 0.5478 0.335607 1.01595 0.559971 0.380217 0.348386 0.365334 0.737058 0.111327 0.180753 0.34202 0.280428 0.220982 0.241184 0.36049 0.633776 0.720827 0.143659 0.193151 0.105391 0.472911 0.255843 0.571273 0.152685 0.183241 0.197439 0.0348933 0.0121951 0.0342262 0.0889652 1.316 0.821976 0.242439 1.1983 1.72181 1.11347 0.629111 0.405008 0.366953 0.312318 0.369739 1.69165 0.790497 0.454355 0.336094 0.132721 0.185494 0.114095 0.048492 0.0562092 0.327257 0.158253 0.0484991 0.205034 1.57704 1.0676 0.976988 2.78457 0.489331 0.579714 0.258727 0.419805 0.908464 0.193916 0.854368 1.18866 0.688172 0.7885 1.09593 0.364232 0.384593 0.250797 0.219095 0.255884 0.136519 0.685946 0.266499 0.123787 0.325131 0.580369 0.174363 0.154089 0.207679 0.191057 0.496212 0.247164 0.208142 0.508125 0.428301 0.249322 0.140954 0.144034 0.209338 0.25747 0.444192 0.335458 0.27824 0.12036 0.853774 0.501083 0.106198 0.248434 0.304703 0.222373 0.394536 0.0818523 0.181828 0.0747298 0.0237693 0.300652 0.180696 0.271708 0.229897 0.129712 0 0.228752 0.163615 0.0225996 0.348319 0.0912703 0.310877 0.317577 0.307569 0.420368 0.0904928 0.278855 0.312581 1.25351 0.789392 0.259985 0.728232 1.15469 1.71156 0.259487 0.326092 0.0567799 0.0815237 0.140853 0.234054 0.0779951 0.146587 0.187415 0.296466 0.337969 0 0 0.613788 0.414386 0.512783 0.393102 0.164425 0.539574 0.178824 0.364794 0.394896 0.240496 0.190187 0.178559 0.495268 0.488286 0.266779 0.697301 0.469984 0.101067 0.300021 0.210995 0.165931 0.332107 1.11009 0.0940846 0.32527 0.263942 1.4202 1.70206 0.365508 0.303633 0.14238 0.0792658 0.0445636 0.0108696 0.103511 0.0649051 0.606237 0.796593 0.89176 0.312279 0.284178 0.137437 0.828881 0.069797 0.111279 0.223729 0.100676 0.7719 0.841099 0.0366764 0.969983 0.656661 0.626554 0.198751 0.623248 0.141792 3.7739 2.12445 2.63906 8.44656 0.749288 0.492398 0.419153 0.620892 0.296147 0.0331216 0.212488 0.304666 0.290373 0.234747 0.161386 0.271203 1.44557 0.524409 0.935229 0.174015 0.598212 1.06713 0.314823 0.31493 0.0239316 0.144143 0.194946 0.0728858 
0.371634 0.195059 0.250148 0.922695 0.544734 0.549677 0.576724 0.826333 0.397779 0.503323 2.02786 0.658729 0.851663 0.332364 0.314961 0.386243 1.23439 0.591441 1.0407 0.628878 0.41219 0.638511 0.900183 1.48077 0.514933 0.374991 0.991117 0.463694 0.209629 0.191163 0.53853 0.811429 0.406554 0.321673 0.126771 0.33799 0.83143 0.319898 0.486452 0.334788 0.809134 0.679535 0.753085 0.805483 0.334462 0.211899 0.547254 0.0813958 0.692762 0.11514 0.200748 0.215486 1.42322 0.875388 0.151875 0.280254 0.628503 1.55571 0.593359 0.248998 0.360379 0.328943 0.805567 0.465013 1.32455 0.923009 0.453691 0.280738 0.188262 0.196977 1.09414 0.576411 0.336053 0.227434 0.103735 0.376794 0.36091 0.672473 0.453115 1.6634 0.503702 0.742026 0.490033 0.749644 0.843951 0.0550202 0.194175 0.100704 0.396335 0.230113 0.492468 0.513364 0.761479 0.403832 0.173793 0.723043 0.409573 0.363353 0.356858 0.250391 0.885661 0.358932 1.61687 0.554795 0.518286 0.279813 0.250349 0.640396 1.05248 1.24653 1.25487 0.755792 0.351715 0.125566 0.453308 1.3216 0.832334 0.449374 0.192287 0.0708383 0.195057 0.436266 0.512953 0.144131 0.0791004 0.461574 0.125688 0.190315 0.793238 0.535886 1.1538 1.50608 0.669284 0.303291 0.40615 0.366075 0.61607 0.874091 1.27832 0.505606 1.34637 0.636331 0.482524 0.375441 1.86306 1.23734 0.412608 0.123569 0.341889 0.612219 0.923421 0.417328 0.195725 0.791231 0.333612 0.614843 0.433295 0.504728 0.568053 0.407756 0.144809 0.223758 0.524196 0.0634423 0.548632 0.670542 0.101937 1.53294 1.02013 2.42747 0.192627 0.380832 0.666234 0.914531 0.78843 0.316545 0.87251 2.32436 3.16692 3.06299 2.11371 1.87728 2.35363 0.578472 1.54215 0.289595 0.670907 0.458965 0.225372 0.376504 0.334177 0.329771 0.320625 0.19093 0.0779614 0.022225 0.427002 0.684322 0.375588 1.04888 0.142859 0.114145 0.180948 0.227978 0.157554 0.281993 0.11928 0.124526 0.171496 0.113371 0.196887 0.146838 0.183877 0.466311 0.649472 0.634419 0.0331439 0.0823541 0.0669092 0.103536 0.217273 0.0448303 0.308723 0.0514654 0.373741 0.229278 0.461754 0.136611 0.349196 0.628843 1.26784 2.0242 0.204775 0.184421 0.197557 0.059017 0.206014 0.339817 0.582461 0.923467 0.0337093 0.0684519 0.0564497 0.317758 0.147363 0.497943 0.661105 0.603037 0.107489 0.177145 1.48314 0.928553 0.986452 0.0907348 0.659626 0.772666 0.356194 0.432028 0.303735 0.25818 0.849498 1.21484 0.404 0.710989 0.638246 0.15301 4.98118 1.29847 2.66848 0.519558 0.830411 0.923004 1.09041 2.29694 6.39768 0.826583 1.00297 1.68623 2.13331 0.906588 1.88563 0.987608 3.14988 2.58219 0.521367 4.16463 0.0226054 0.056284 2.7094 1.23479 4.25318 3.0656 0.558827 1.48045 2.42405 0.737625 0.26978 0.723899 0.357994 0.147162 0.381686 1.51405 0.442367 1.60043 0.221409 0.0476527 0.0924929 0.126754 1.14124 1.0439 0.357608 0.280592 0.884966 0.688927 0.6618 0.27269 0.460448 0.179674 0.334621 0.247119 0.438662 0.866671 0.816642 2.16883 3.04978 1.40015 0.455074 0.718342 0.662244 0.34653 1.95726 4.61756 1.0668 1.38803 5.27914 0.339996 5.1465 2.74176 2.84708 1.86367 1.46975 0.605255 0.979629 2.14616 4.53455 3.36603 1.14518 3.87877 1.18152 1.88297 0.332251 1.2407 0 0.433884 0.365471 0.490822 0.476499 0.0453386 0.538123 0.127331 0.156284 0.285553 0.200632 0.136607 0.320224 2.00187 0.615709 0.113087 0.230299 0.78253 0.286214 0.918817 0.369599 0.27785 0.476254 0.639857 0.190619 0.102714 0.459485 0.420821 0.537518 0.475297 0.567523 0.343723 3.07051 6.70607 0.273998 0.732717 0.210617 1.69616 0.722574 0.713663 1.2792 2.75047 2.81217 2.40953 0.953951 0.56951 0.0699403 0.203752 0.091791 0.0582679 0.157653 0.245816 0.224521 0.177757 0.155715 0.375604 0.45561 0.394695 0.0541299 0.253476 0.429812 0.577816 0.927774 0.399091 0.277739 0.140615 0.096574 0.0881036 0.888288 0.908485 0.1516 0.134344 1.18781 1.06473 1.7627 0.608531 0.0877525 0.869486 1.04759 5.16598 0.173453 4.60262 1.67854 0.933527 0.175309 0.125959 0.116442 1.06294 4.09785 22.7167 0.79392 4.70382 0.942352 0.687965 0.479792 1.54839 0.709268 0.348158 1.52919 0.369092 1.13256 1.67083 0.730607 2.45943 1.21775 1.64999 1.4565 1.19176 1.89068 2.26941 1.53038 7.28776 1.69527 0 0.527898 0.512816 3.14082 1.3139 1.09272 3.52777 0.0370455 0.113848 0.242483 0.0447784 0.090747 0.0886644 0.010989 0.066153 1.06777 0.687258 0.812384 0.894611 0.133024 1.24839 0.834793 1.12212 0.0123457 0 0.161976 0.0795153 0.235218 0.325068 0.0453227 0.0815621 0.199459 0.569305 0.255553 0.338012 0.198755 0.0698096 1.08291 0.508102 0.868711 1.91894 1.92649 0.651774 0.107033 0.315611 0.859729 0.59291 
0.608247 0.351376 0.485863 0.573232 0.41148 0.187872 1.29687 0.351298 0.534346 1.17722 1.18168 0.307988 0.755031 1.0736 1.52716 1.07775 2.77084 1.06432 1.58712 5.56004 1.59963 3.34473 1.85909 1.17592 1.88746 1.17243 0.416109 0.630394 0.0857121 1.02946 0.301776 0.188071 0.27283 1.34633 0.252787 0.457493 1.14619 1.01996 3.91288 2.72498 0.329972 0.322195 0.332954 0.484711 0.395577 1.35401 0.616811 0.431867 1.0231 1.1072 0.277086 1.18264 0.117366 0.174434 0.130346 0.178464 3.57475 1.67755 1.34825 1.02759 0.313882 1.35307 0.306496 0.19095 6.48398 1.50548 1.50699 0.692259 1.25953 0.924535 0.182523 1.40366 1.56471 0.178196 7.37569 1.45872 1.16206 0.825451 2.83054 7.25891 0.432174 1.15082 0.303785 0.320334 0.529864 0.767009 0.105398 0.127431 0.602494 0.865844 0.219791 0.409201 0.350101 0 0.147398 0.152064 0.931616 0.418976 0.880267 0.255141 1.51792 0.470729 0.522837 1.07465 2.29484 0.372935 2.07013 1.44618 0.251512 0.0471462 0.983408 0.435406 0.660496 0.0357575 1.97624 1.5223 2.22351 2.03649 0.425955 1.46603 0.124879 0.159507 0.266804 0.169938 0.788822 1.23944 5.56513 0.402303 2.26646 2.05715 0.284419 0.604643 0.666451 0.208621 0.963053 0.811339 0.144341 0.492684 1.95378 1.6047 0.449138 0.19469 0.972487 0.246228 0.161419 3.15044 5.57115 2.79054 0.66543 0.67641 0.618541 0.393655 3.7078 1.12407 2.11061 1.70372 0.808491 0.359725 0.158752 0.185144 1.43163 1.20927 2.54415 1.80769 0.120214 0.437648 1.68212 2.38293 0.198729 2.29206 0.727424 0.485114 3.56097 1.39982 0.497051 1.27691 9.48036 1.49181 1.05554 0.662462 0.700438 1.97318 0.493117 2.31685 3.50704 3.11393 0.976269 0.572175 0.992494 0.38652 4.69747 2.24561 0.101104 0.412564 0.324838 0.133894 0.646605 0.808042 1.02377 0.590664 0.804201 3.82491 0.441762 0.587032 0.951061 0.53762 0.675497 0.456193 0.741301 0.704441 0.176033 0.0797073 0.530688 0.241001 0.767119 0.128362 0.869412 0.425585 0.500071 0.656473 2.88601 0.649705 0.179522 2.10515 0.184379 0.105419 0.0209706 0.146132 0.329562 0.361332 0.055848 0.332641 0.129032 0.257137 0.0683767 0.320706 0.106894 0.176903 0.190972 0.198249 0.102336 0.0765461 0.193634 0.289194 0.829698 0.412933 0.022291 0.397093 0.383906 0.214096 0.0829678 0.0780842 0.0924821 0 0.117826 0.0574864 2.00226 0.822585 0.815592 0.946987 0.777071 0.816067 1.18525 0.566124 0.243057 0.179253 1.00368 0.665301 4.00972 3.72379 2.27501 1.88767 0 0 0 0 0 0 0 0 0 0 0 0 0 0 0 0 0.66993 0.381367 0.765919 0.92505 0.241384 0.243453 0.37091 0.670549 2.0833 0.554624 0.525116 0.198579 7.33124 3.7386 0.281474 2.63869 0.648364 0.680498 1.46337 2.32116 0.209841 0.179744 0.402904 0.266888 0.17125 0.0902962 0.414275 0.736798 0.607699 0.163835 0.408446 0.387127 1.31573 0.616903 0.308065 0.210964 0.417766 0.380099 0.765302 0.119311 1.88533 1.20204 0.519989 0.313138 1.31417 0.407829 5.76803 1.66851 2.38858 2.23298 1.03961 0.872668 0.99224 0.155682 0.611414 0.312354 0.9042 0.822058 0.448716 0.42443 0.551788 0.814505 1.98077 0.515299 0.149295 0.164665 0.045505 0.0565228 0.238306 0.351312 0.293188 0.123059 0.642141 0.36342 0.42772 0.149392 0.326973 0.499644 0.640152 0.311172 0.532754 0.504118 0.363781 0.487281 0.339989 0.777207 0.396678 0.491356 0.188869 0.19261 0.481887 1.10761 0.264795 0.564391 0.275426 0.183788 2.56573 0.60119 0.986315 0.766436 1.27288 2.00443 1.03308 0.195308 0.260538 0.576796 0.927319 0.738106 1.71244 1.41908 0.215963 0.1144 3.45756 4.27228 1.61846 1.19499 0.629834 1.56447 2.22793 3.30666 1.62033 1.2271 1.73241 0.580919 0.570651 0.450119 0.487007 0.988911 0.19056 0.329639 0.310609 0.161189 0.142535 0.332687 0.374641 0.342928 0.191922 0.171403 0.0768868 0.161569 0.56399 0.228717 0.442022 0.188088 0.435497 0.289419 0.165257 0.194127 0.668025 0.14518 0.135804 0.0379495 0.133468 0.129188 0.0701772 0.0677447 0.3433 0.256393 0.0447051 0.0677629 1.33231 0.144798 0.155777 0.571305 0.475798 0.212226 0.113416 0.316383 1.12869 1.06323 0.283637 1.01768 1.01896 0.293258 0.160306 0.0854999 0.524703 0.467653 0.640729 0.439762 0.397692 1.24494 0.449647 0.317284 0.0883748 0.101834 0.526145 1.68358 0.418552 0.390174 0.024269 0.0876913 0.535198 0.533666 0.249294 0.244309 0.931094 1.10164 0.509195 0.388084 0.316355 0.380418 0.389133 0.389783 0.348639 0.237385 0.104534 0.204706 0.179936 0.843411 0.574598 0.738732 1.65015 0.660996 0.229951 0.661897 0.0923273 0.408682 0.160511 0.146123 0.386947 0.342227 0.74327 0.30631 
0.135681 0.186478 0.0593953 0.0460172 0.728917 0.252859 0.660279 0.657409 0.447297 0.362881 0.0531385 0.598515 0.455534 1.28344 0.708394 0.406364 1.51066 1.54256 0.938859 0.946058 0.723789 0.404372 0.755654 0.14642 0.407357 0.683755 0.243801 0.620858 0.178892 0.0788844 0.392341 0.610981 1.08855 0.469857 0.371249 1.14155 0.247634 0.252563 0.177287 0.392212 0.0452264 0.010989 0.169211 0.0866113 0.22109 0.382704 0.340559 0.392857 0.497752 0.2659 0.177108 0.0815032 0.135115 0.170416 0.323236 0.0869405 1.94692 0.668232 0.298124 0.319687 1.99662 0.159409 1.18407 0.779955 0.630999 2.31812 0.823357 1.48088 0.637724 0.946885 0.853223 0.728872 3.28203 2.55236 1.2513 0.299229 1.45652 0.275774 1.00948 0.1856 1.80195 1.71011 1.63366 2.2448 0.926589 0.409234 3.03217 1.88917 3.21128 0.413571 1.14022 1.33698 0.340013 0.476142 0.206812 0.141261 2.46469 1.67836 0.949883 2.73492 1.68368 1.47948 1.287 1.0288 1.60395 0.917395 0.149029 0.190032 1.01741 0.899296 0.579504 0.404762 1.53557 0.777399 1.05616 1.03995 5.00562 2.02354 1.65802 3.86455 0.433472 0.799529 0.706496 0.714517 1.43004 0.42413 0.697991 0.443254 3.92339 0.803039 2.4502 1.65214 0.34677 0.215974 0.0813843 0.149271 2.89323 2.46616 5.14107 1.65418 2.74838 2.40368 0.250889 2.16643 0.358647 0.0612475 0.080709 0.044635 0.779936 1.75551 0.757013 0.686545 1.29985 2.91344 2.82702 0.929107 0.691774 0.95748 1.82501 0.998796 0.623669 0.36471 0.407488 0.250165 0.0674496 0.0470482 0.0357988 0.148427 0.543912 0.306791 0.476509 1.00184 2.00758 0.120475 0.383143 0.222825 0.103503 0.130154 0.168962 0.0797633 0.184056 0.456004 0.482069 0.490872 0.376383 0.19229 0.429655 0.102779 0.055006 0.0805636 0.147033 0.0339253 0.375774 0.681393 0.670251 0.174293 0.446121 0.20353 0.216953 0.685461 0.508321 0.416063 0.172961 0.173139 0.617188 0.458334 1.29006 1.10769 1.09225 0.32425 0.584725 0.20262 0 0.0223471 0.300046 0.31393 0.125203 0.0563492 0.0321637 0.104378 0.219017 0.15763 0.138049 0.325154 2.72397 2.72623 0.514602 1.67762 2.2571 2.65706 2.24858 0.866926 0.777355 0.387432 1.58907 1.66378 6.18738 5.44153 0.552446 1.51651 0.831321 0.673716 2.50867 0.898764 0.427915 0.508883 0.33757 0.26541 0.235342 1.00967 1.66889 0.501885 1.46026 1.14167 0.787401 1.11916 2.16126 11.8612 5.23117 1.12074 0.898546 2.29025 3.19572 7.70304 0.508545 0.566974 0.481063 0.181033 0.107251 1.02225 2.48293 1.14725 0.102863 0.582083 0.307489 0.335539 0.924065 0.715046 0.370363 0.638144 3.2447 1.86286 1.85432 1.55685 1.17618 0.964994 1.22975 1.15638 0.400961 0.410735 0.457079 0.112728 1.25401 1.87885 0.337653 0.765416 0.76811 0.462082 0.0213959 0.0325562 0.43687 1.08156 0.242623 0.344579 0.552487 0.61868 0.662198 0.703762 3.55081 4.15859 2.12298 1.82775 1.22497 2.3129 1.17586 0.526886 0.688051 2.73197 0.338817 1.4445 0.0887111 0.174928 0.131853 0.0882975 0.0797813 0.105511 0.660015 0.875351 0.61025 0.183643 0.344882 1.00202 0.89391 0.498792 0.182238 0.656401 1.44404 0.225834 0.716306 0.405892 0.289282 0.45662 0.218888 0.192965 1.02733 1.51939 0.488414 1.07437 0.847289 0.431462 0.440937 0.142789 0.18901 1.06369 1.34118 0.885948 1.23344 0.865663 0.618436 0.282087 0.213187 0.246125 0.297381 0.19 0.418444 0.409022 0.134325 0.108983 0.267004 0.102677 0.164985 0.159228 0.0682931 0.282738 0.0779774 0.124348 0.970977 0.568252 0.578716 0.418867 0.434393 0.367482 0.827582 0.591338 0.103951 0.367939 0.204252 0.126738 0.163621 0.146061 0.135544 0.196149 0.235006 0.130503 0.281979 0.171224 0.360155 0.135681 0.204994 0.192071 0.0988311 0.313068 0.416546 0.0873629 0.137306 0.371785 0.171976 0.143666 2.28665 0.591403 0.688676 1.16557 0.544277 2.4238 0.419547 0.011236 0.0797145 0.199292 0.360769 0.023976 0.166308 0.226135 0.200475 0.326035 0.282404 0.265467 0.603273 0.279301 0.604439 0.205807 0.437184 0.358319 0.806548 0.291871 0.467358 0.836421 0.285655 0.262444 0.608899 0.44636 0.112802 0.189643 0.0346651 1.0499 0.0433188 0.118727 0.381916 0.64309 0.551102 0.390983 1.07732 0.315865 1.09585 0.384879 0.353026 0.621279 0.182163 0.926518 0.371179 0.462695 0.127407 0.0804463 3.21266 0.663158 0.108416 0.0576207 0.137818 0.0250156 0.338709 0.149271 0.0502387 0.202876 0.455338 1.3114 1.17185 0.525722 1.3385 0.373377 0.33283 0.4893 0.811344 0.948889 0.778303 1.00214 2.57145 2.05546 1.40298 0.563309 0.603995 0.419822 0.708881 0.146563 0.329491 0.0802268 0.846269 2.54616 1.51693 0.34877 1.27269 1.46902 11.1933 1.16258 1.66523 7.21357 1.08137 1.27825 0.15428 0.291387 0.241057 0.490042 1.8706 1.56811 
0.348231 1.29782 2.22873 1.3216 0.520237 0.633137 1.70096 0.459774 0.695308 0.677745 0.731888 1.44844 3.44307 1.57022 1.12164 1.87548 0.425954 0.253493 1.51784 0.0800762 0.688499 2.072 0.328361 1.02165 3.36772 2.43875 0.903177 1.41913 0.608559 0.935189 0.215539 0.0801793 0.236335 0.210011 0.160694 0.2061 0.532662 0.27073 0.311672 0.0395454 0.412387 0.068759 0.0923344 0.493883 0.200495 0.531143 0.106422 0.340591 0.657106 1.44884 0.574996 0.222329 0.519493 0.58166 0.889415 0.598615 0.404963 0.195012 0.373733 0.193423 0.398711 0.480715 0.730914 0.135017 1.3334 1.78319 0.737574 1.23497 0.207853 0.796511 0.971349 0.128341 0.982471 0.851517 0.596424 0.668529 0.472835 1.85161 1.26077 2.29173 0.416597 0.545584 0.247873 0.148934 0.0971712 0.811006 0.195442 0.268032 0.648045 0.500686 0.380329 0.2429 1.80275 1.47018 0.681761 1.29727 0.206052 0.208037 0.884953 1.33201 0.80629 0.305866 0.271906 0.649404 1.53718 0.828843 0.656911 0.381133 1.02634 0.127691 0.590489 0.0347768 0.257344 0.380871 0.293307 0.0778917 0.407725 1.57221 0.10051 1.46595 0.209661 0.311931 0.406391 0.283969 1.23008 0.257097 0.354475 0.167184 0.210446 0.358022 0.219085 0.0820256 0.444162 0.187208 0.676728 0.755045 0.561011 0.364183 0.212516 0.403983 0.115472 0.248745 0.341885 0.688273 0.720458 0.570328 0.792635 0.345529 1.26054 2.41174 0.859837 0.326203 0.552981 0.218731 0.747227 0.975435 1.10175 0.581649 0.536531 1.45119 1.46469 0.306007 0.141338 1.38153 1.12561 1.19836 1.56301 0.479071 1.09702 0.431737 0.0946157 0.644739 0.408194 0.706196 0.0910729 0.331606 0.0927649 0.490033 0.371384 0.345753 0.337915 0.30459 3.28582 0.531283 0.149848 0.124304 0.0679757 0.27983 0.769566 0.686816 0.740353 0.150893 0.286029 0.309832 0.783137 0.554037 0.264964 0.112678 0.33467 0.702118 0.868803 0.633698 0.496784 0.0336435 0.385008 0.380231 0.516915 0.416519 1.01993 1.19848 1.42908 0.403096 0.354161 0.397977 0 0 0.122157 0.207023 0.709805 0.269559 0.349148 0.258141 0.448212 0.0346914 0.223226 0.270295 0.567105 0.202717 0.264147 0.271381 0.293594 0.249643 0.0426823 0.249556 0.183095 0.14711 0.147027 0.0231593 0.0463958 0.126677 0.109942 0.0553689 0.134848 0.115228 0.0342732 0.0337107 0.193779 0.13461 0.0911275 0.0526823 0.185256 0.175804 0.23141 0.0458821 0.140112 0.193596 1.58845 1.80086 2.51169 4.61856 0.338244 0.160371 0.0906978 0.402253 0.148695 0.196776 0.31469 0.142811 0.900817 0.413384 0.184165 0.147877 1.43736 1.35524 0.328882 0.980417 0.828521 1.34995 0.408002 0.477853 0.53584 3.02805 2.53208 2.03812 0.150593 0.602948 0.146231 0.069631 0.229111 0.241874 0.389223 0.823273 0.908892 0.353663 0.146976 0.759874 0.813846 0.784167 0.208758 0.340084 0.156174 0.0443767 0.214607 1.13317 0.0221001 0.0471396 0.0566207 0.011236 0.0972686 0.0211111 0.377486 0.295561 0.0684547 0.409317 0.254253 0.0730812 0.229638 0.940867 0.093864 0.192734 2.11935 1.10124 1.24905 1.47942 0.349371 1.4843 1.30246 1.1543 1.72987 4.44449 3.89848 1.51661 1.56504 0.446751 2.13754 0.792414 0.135259 0.151794 0.0444048 0.0804088 1.33577 3.28014 5.58685 4.37289 1.13139 0.932793 6.32272 1.98794 0.53352 4.14818 0.807942 4.10485 0.149696 0.169114 0.223957 1.44923 3.2213 0.73707 1.30969 0.102716 9.40539 1.67864 1.02575 4.82335 1.51164 1.27027 0.792665 1.60406 0.629031 0.495888 1.33646 0.295553 0.228987 0.439537 1.28019 2.2292 0.1376 0.168653 1.12324 0.950901 0.761738 0.792529 1.08835 0.982136 0.827799 0.826739 0.501936 0.956935 1.51353 0.430093 0.798236 0.775211 3.00408 1.09667 1.47278 0.743315 0.960838 0.242498 1.13945 4.38652 3.00533 2.09145 0.678738 0.121463 0.694814 0.675529 0.322435 1.94482 0.816174 0.417876 0.471394 0.398475 0.495959 0.997885 1.86723 0.527417 0.829073 0.589204 0.355557 0.699132 0.27212 1.24842 0.845881 0.855804 2.25025 0.641773 1.09152 0.934861 0.761021 0.478052 0.925872 1.42181 1.17184 0.331049 0.350556 0 1.65225 0.221091 0.811837 1.10478 0.413199 0.281819 0.469077 0.35332 0.8339 0.536217 0.950094 0.429424 0.937921 3.69448 1.08593 6.04832 0.437813 1.17356 0.334287 0.312758 0.282172 0.567384 0.270204 0.559613 0.704711 0.178451 1.53334 3.63963 2.67291 3.6708 0.339226 0.419903 2.83907 1.20752 1.01341 2.19052 1.34901 0.504777 2.24997 5.9305 8.82264 2.30694 1.63381 0.675122 1.42979 0.974662 0.837216 3.17512 0.55203 0.170966 0.125775 1.68355 0.135145 1.0301 4.21793 3.28215 0.597427 0.206681 0.271499 0.381523 0.124053 0.199891 0.270799 0.355618 0.364274 0.225674 0.230222 0.422065 0.468047 0.813418 2.56115 2.07624 0.481315 0.226027 0.0780458 0.390831 
0.688 0.992729 0.792034 0.731301 1.1874 0.885736 0.40652 0.204749 0.350547 0.302011 0.147851 0.788563 0.214463 0.0800393 0.246868 0.294771 1.80999 0.996163 1.17222 2.52224 0.482394 0.522049 0.68863 0.537538 2.92953 0.201485 1.17055 1.28085 0.475969 0.467444 0.432081 1.97368 0.553176 0.282779 0.662767 0.889379 1.53366 1.25061 0.663924 0.529361 0.550377 4.25747 2.29315 1.46672 1.42246 0.4312 0.243178 0.431864 1.3147 0.89396 1.65766 1.06494 0.198671 0.258262 0.67099 0.244373 0.534661 0.807091 0.815927 0.159746 0.379478 0.237757 0.194278 0.366195 0.537468 1.009 0.242257 0.633218 0.930784 1.06848 1.19093 0.791015 0.597966 1.15166 0.254434 0.145723 0.351774 0.171823 1.66953 0.293172 4.41817 1.13569 1.70232 3.62204 0.545754 3.2588 0.8691 0.599231 1.15683 0.483184 2.40562 0.902422 0.0111111 0.0240964 0.023736 0.0722892 6.76039 1.71022 3.34645 0.586093 3.94077 0.904199 1.64641 0.392438 2.67809 0.216834 0.598836 7.28862 4.67364 4.43794 3.15196 4.45762 0.0677333 0.0801863 0.246089 0.158257 0.0903231 0.0626776 0.127944 0.0741757 6.96179 2.42077 1.89663 0.615033 0.567809 1.68558 2.31186 0.505138 1.32044 0.453098 3.20147 1.56877 1.4449 1.36295 0.196902 0.644065 0.334026 0.12107 1.42356 1.27875 0.215503 1.06757 0.434981 0.372327 0.731288 0.282442 0.232815 0.0949207 0.307066 0.403292 0.299637 0.206843 0.344414 0.35087 0.220588 0.259039 0.312473 0.624017 1.25668 0.109429 0.154092 0.495673 1.82423 1.6394 1.23846 0.512977 3.09746 1.18959 0.451501 0.0884337 0.467878 0.094005 3.02775 1.04479 0.540212 0.378432 2.4049 5.71915 0.27195 0.299431 0.373538 0.399214 1.55055 1.0708 0.760719 1.56731 0.215225 1.04675 0.193841 0.382478 0.540792 0.257292 0.815853 0.642781 0.665316 0.203901 0.0660395 0.980939 0.617222 0.766771 0.73015 0.494354 0.19587 1.92055 0.283468 0.31975 0.295539 0.231338 0.660742 0.645978 0.508385 0.642391 0.555593 0.339078 0.445309 0.30933 0.453119 0.66383 1.20652 1.67243 0.430906 0.397175 0.266267 0.19534 0.266312 0.22025 0.44514 0.278725 0.653271 0.77956 1.71077 0.710499 0.623348 0.311451 0.42071 0.690336 0.326509 0.709464 0.233532 0.0676715 0.912135 0.687604 0.5328 0.599491 0.156524 0.68794 0.284082 0.204818 0.119789 0.222602 0.0969553 0.216862 0.559232 0.402109 0.233809 0.455663 1.56547 0.0904804 0.494002 0.304824 1.75166 0.599048 2.80036 0.963309 1.3455 0.568695 1.28038 0.516336 0.307428 0.170568 0.465597 0.346272 0.453861 1.03996 0.354597 0.172988 0.358255 1.64219 0.21503 0.324011 0.183289 0.601393 0.462031 0.494205 1.7285 1.03733 0.792292 0.794457 0.283109 0.47675 0.0427437 0.840835 2.3083 2.70458 5.32014 1.51485 0.147742 0.188805 0.578698 0.703607 0.275875 0.40157 0.160008 0.326022 2.09155 2.42934 2.21997 0.680481 0.927763 1.16742 0.815685 1.23684 0.840876 0.291695 2.19138 4.11406 1.14552 0.844817 3.14234 0.564537 2.65156 3.62385 0.222097 0.597586 1.39634 0.628371 0.551586 0.955019 0.545123 0.689947 0.654246 0.728216 0.488188 0.340654 0.521406 1.07988 0.36163 0.235369 0.237232 0.715254 1.43297 1.62691 0.981258 1.69292 0.279726 0.147138 0.289138 0.472991 1.8514 3.33012 0.824341 0.226636 0.400814 0.609221 0.356103 0.227746 0.750509 0.104628 0.481159 0.286142 0.058749 0.15558 0.152584 0.304912 0.189132 0.164124 0.223693 0.0679265 0.188348 0.270039 0.125848 0.113518 0.161962 0.194001 0.110819 0.19213 0.301886 0.394449 0.334992 0.174517 0.127247 0.277303 0.201454 0.315866 0.534387 0.431112 0.104384 0.447749 0.428944 1.06881 0.0912246 0.147611 0.186607 0.205552 0.748212 0.723184 0.633352 0.846667 0.388421 0.638135 0.489833 0.206996 1.19374 0.872016 0.337595 0.396786 0.486508 0.174209 1.88013 2.20565 0.340028 0.240172 1.54857 0.518206 0.748722 0.306629 0.581265 0.190337 0.103946 0.127355 0.0543067 0.132037 0.321165 0.10559 0.0992397 0.511277 0.365518 0.18054 1.00189 0.779605 0.4925 0.306453 1.13053 1.07825 1.15409 0.640787 1.67544 0.283885 0.788688 1.31241 0.173556 0.0563689 0.0911853 0.111285 0.247247 0.136668 0.0462691 0.177365 0.811348 2.29362 10.1058 3.86103 0.827983 0.167443 0.442667 0.295164 0.816941 0.365576 0.93692 0.431151 1.38593 0.745539 1.63355 0.561387 0.289227 0.563604 1.69375 0.991101 0.49931 0.251842 0.587386 1.43578 0.393057 0.246902 0.482781 2.20849 0.380346 0.150272 0.556134 1.25607 0.839912 0.786699 0.626955 0.746972 7.01995 1.91594 1.50587 0.904768 1.7854 1.08456 3.39039 0.162559 1.06639 1.5554 2.97079 0.365306 0.338744 0.244195 0.84456 0.281709 0.0823287 0.25912 0.13391 0.0668405 0.022291 0.0568652 0.200391 0.113041 0.111886 0.280283 0.19015 0.365346 
3.84849 1.14218 0.970428 0.868354 0.492569 0.807268 0.452036 0.113288 0.671104 0.983019 0.525154 0.658227 1.63309 2.28275 0.250172 0.505514 0.63151 1.017 2.51536 0.758879 1.82509 1.75017 0.384021 1.62053 0.215675 0.0694553 0.499586 0.0589168 0.888941 0.735791 0.777445 0.895782 0.582563 0.11355 0.450757 1.70152 0.370152 1.00648 0.762501 0.320902 2.16143 1.55046 1.58128 2.06888 10.2482 2.99693 2.12666 4.15461 1.00426 9.07808 1.89956 2.91559 1.34911 1.22625 0.686604 0.465028 2.10609 0.543697 4.38315 1.02689 0.41216 2.10083 0.395735 0.754684 1.43411 0.535947 0.925756 0.868739 0.793776 1.75179 0.40532 1.0717 0.165626 0.272853 0.701989 0.322499 0.912484 0.18648 0.738687 0.103202 0.573571 0.518247 2.07992 0.761661 1.34799 1.20848 0.0579632 0.186399 3.78716 2.27309 0.635722 0.823933 1.11404 0.300939 0.573114 0.878419 1.48571 4.32099 0.956637 0.891117 1.4339 1.42922 0.198615 0.160986 0.347521 0.564346 1.03191 0.56954 0.416479 0.801315 0.43993 0.463998 0.101376 0.0228758 0.0250623 0.0944439 0.0448787 0.084632 0.0111111 0.0216374 0.211054 0.374801 0.0897243 0 0.0765165 0.0818784 0.0971464 0.0119048 1.59002 0.686348 0.911531 0.773253 2.81638 0.816792 1.03566 0.591409 0.527443 0.190748 0.525729 0.558811 0.534854 0.136092 0.445652 0.506747 0.370859 0.359886 0.204134 1.15207 0.352516 0.571717 0.8033 0.843115 0.302743 0.285767 1.12891 2.30994 0.0661596 0.0590255 1.85526 0.619439 1.51123 2.19984 1.49154 4.69442 0.273121 1.97864 0.999117 0.242295 3.08391 1.2318 0.98165 1.09759 0.909659 0.382481 0.713617 0.326328 3.66059 1.49971 0.604164 0.396952 0.644741 1.6172 0.880226 0.785149 0.28723 0.169575 0.912715 2.44538 0.0330011 0.698733 0.274427 0.414896 0.598201 0.394907 0.619211 0.49347 1.44403 2.58667 1.50381 4.14703 2.97802 1.13483 0.636792 0.771129 0.418033 0.250256 1.44168 0.123509 0.704326 1.23724 0.131922 0.543882 1.1291 0.94762 0.68784 0.538008 0.171712 0.494556 0.324069 1.51993 0.444279 0.143796 0.176215 0.314808 0.56838 0.672467 0.454839 0.681536 0.069568 0.279219 0.246724 0.0800889 0.289653 0.0335859 0.549213 0.398018 0.0330679 0.0217391 0.248095 0.0904673 0.220174 0.653935 0.480453 0.336254 0.119279 0.284317 0.17716 0.60724 0.894268 0.20626 0.0918412 0.101763 0.193828 0.0693695 0.0473963 0.123579 2.12981 0.401669 0.471376 0.288783 0.127221 0.431868 0.0459234 0.757819 1.647 0.755193 0.227832 1.72278 2.31786 0.349203 1.21269 1.10511 0.222717 0.303654 0.0333417 0.217711 0.08176 0.0670427 0.158711 0.144287 0.305246 0.0887911 0.401667 0.397165 0.0345148 0.0457548 0.148637 0.159693 0.378242 1.02157 0.393269 1.09014 0.218682 0.40372 0.763408 0.388088 1.52456 1.28364 1.51109 0.504788 1.65078 0.116168 1.6914 0.383085 0.201871 0.117293 2.88901 1.42113 0.592695 0.210194 0.989412 4.31861 0.174553 0.730644 0.537715 0.135658 0.333058 0.565843 0.560985 0.335526 2.00018 2.02082 2.41055 1.009 0.127666 0.33941 0.970467 0.52768 5.73465 1.35772 1.09806 2.92498 0.738474 0.492028 4.1237 0.706826 0.199116 0.0545101 0.845734 0.77286 0.262026 0.696741 0.438279 0.4091 0.338696 0.595282 0.444873 0.420952 1.18994 2.87866 0.253095 0.671163 0.0682295 0.308176 0.0117647 0.101958 0.0113636 0.0223526 0.185733 0.0890664 0.136074 0.0692427 0.0215278 0.0119048 0 0.121951 0.0675546 0.21704 0.421489 0.229396 0.0117647 0.0962331 0.348423 0.0226169 0.242901 0.39235 0.251351 0.863348 0.188001 0.123064 0.106611 0.356048 0.299192 0.0722585 0.414689 1.34941 0.749263 0.292953 1.40868 0.740518 0.719278 0.343343 0.0224311 0.156443 0.170921 0.306706 0.99369 0.282252 0.32103 0.136028 0.354542 0.375332 0.225146 0.424357 0.387271 0.189088 0.63738 0.166202 0.221508 0.0455852 0.410246 0.358932 0.245501 0.906284 0.230728 0.0715811 0.60678 0.169255 1.21935 0.346799 3.10423 0.788548 1.3289 0.992688 8.20471 3.69471 0.148626 4.38366 0.453441 0.611895 2.87265 0.825541 0.730227 1.77812 1.38862 1.62998 0.66491 0.998513 0.689829 0.306419 1.13549 0.268841 0.643625 3.13099 0.662637 2.77162 4.20471 1.66723 0.560535 1.40121 0.279428 0.846551 1.65343 0.949884 0.834757 0.245212 1.52085 3.1724 1.02218 0.931375 3.26452 3.23356 1.24352 0.504863 0.857826 0.448043 1.75765 0.862062 0.665856 6.16256 0.978378 1.1772 0.41779 0.410829 1.12796 1.20397 1.84332 0.671427 1.29137 1.03994 0.334821 0.444101 0.275645 0.0898547 0.183826 0.29083 0 0.20638 0.0546685 0.247193 0.0563549 0.341773 0.260092 0.202837 0.233322 0.17288 0.197379 0.229313 0.618526 0.527203 0.0743265 0.532217 0.596067 0.560182 0.753796 0.673511 0.310843 0.158851 0.897835 0.478972 0.0635465 0.195549 
0.230941 0.982352 0.356973 0.689788 4.65881 5.48811 2.65938 5.85778 0.281859 0.127914 0.173682 0.147949 0.909821 0.465378 0.402561 0.233107 0.643811 0.381911 0.236757 0.134598 0.268391 0.0719488 1.27869 1.68931 1.22219 6.0786 2.2093 2.2524 1.08894 1.34195 1.03969 2.07029 0.314814 0.132912 0.86748 0.342799 0.201848 0.828866 0.282113 0.272382 1.51299 0.319795 0.192306 0.24212 1.32398 0.3122 0.32976 0.0690633 0.379433 0.771203 0.30789 0.313647 0.341047 0.223749 0.241791 0.13629 0.702744 0.266843 0.177095 0.185913 0.375391 0.300396 0.281684 0.593097 0.177626 0.089429 0.161625 0.105838 0 0.0715778 0.0245408 0.0105263 0.405309 0.186431 0.167743 0.0912797 0.273059 0.278476 0.142999 0.123675 1.19551 0.69581 0.517767 0.533757 0.884567 1.7938 1.10652 0.424148 0.171251 0.06 0.101563 0.155104 0.215662 0.123751 0.29453 0.223332 0.351563 0.50876 0.280254 0.340914 0.233187 0.0707653 0.0778687 0.203714 0.117206 0.11241 0.0684537 0.0825776 0.44363 0.272142 0.0331102 0.135956 3.98658 2.4835 1.45806 2.00695 0.0895979 2.53462 2.98067 1.5884 1.78886 1.64796 1.02128 1.09989 0.402146 0.307192 0.615324 0.543364 0.0688169 0.391763 1.04993 0.374133 0.453578 0.754103 0.941692 0.304161 2.48817 2.0841 0.808983 0.241209 1.10295 0.515215 1.86597 0.914018 0.747412 2.06954 2.93645 0.379022 0.749891 0.474588 0.72099 0.331467 1.43582 1.67802 0.36238 0.274697 0.633654 1.03388 1.862 0.382102 1.29237 3.00364 1.82909 0.750463 1.5386 1.81138 2.10607 1.67235 0.796317 1.09734 0.442414 0.334414 0.600145 0.594734 0.290247 0.279382 0.528952 0.289647 0.76966 1.31379 0.283281 0.206395 0.486046 0.439421 0.303639 0.62403 0.489527 0.313526 0.58143 1.11818 0.420495 0.947244 1.29188 0.203665 0.599733 2.09503 0.146963 0.412538 0.595517 0.324855 0.279882 0.714718 0.470736 0.689239 1.2706 0.675344 0.659249 0.719935 0.087642 0.124502 0.180004 0.150495 0.083696 0.198967 0.561951 0.228933 0.527509 0.726165 0.381325 0.712859 0.566222 0.365486 0.629568 0.23804 0.294066 0.113037 0.169115 0.335691 0.627712 0.19617 0.0770794 0.183537 0.103975 0.747594 2.23666 0.0328886 0.59156 0.359946 0.431604 0.579777 1.01749 0.399643 0.194136 0.506958 0.934691 0.143196 0.370368 0.75712 0.614189 0.828789 0.186978 0.752903 0.443668 3.18104 0.60752 0.417196 0.0238095 0.0114943 0.100307 0.0104167 0.172272 0.169564 0.121237 0.136904 0.45689 0.067906 0.183195 0.215191 0.226106 0.180768 0.123619 0.325762 0.537119 1.19047 0.138946 1.87825 0.239862 1.41907 0.78539 1.06718 0.128587 0.548372 0.525034 0.327346 0.102973 0.0462843 0.0573392 0.12754 1.43477 0.606347 0.365151 0.631803 0.0585904 1.13531 0.485811 0.282085 0.169502 1.40095 0.41723 0.443467 0.0945569 0.0999748 0.090442 0.460805 0.179406 0.152291 1.00196 0.455122 0.183723 0.254356 0.974372 0.339191 0.185492 0.29251 0.680548 0.430074 0.452991 0.0659659 0.192516 0.159941 0.40866 3.40498 0.271448 0.445701 0.407233 1.87314 0.746701 0.0782308 0.423814 0.15396 0.0958568 0.0104167 0.475223 0.215537 0.29685 0.0523526 0.217527 0.0895636 0.203234 0.192355 0.320684 0.552451 0.927743 1.00724 0.794844 0.745047 1.10162 0.125693 0.315266 0.112755 0.145911 0.0811543 0.223604 0.0805307 0.241934 0.278778 0.249597 0.0562562 0.139558 0.248941 0.602096 1.57882 0.720882 2.24706 1.28544 0.350467 2.3085 2.44412 0.0444089 0.66372 0.488728 0.0705384 0.192438 0.159332 0.377585 0.105267 0.411211 0.3436 0.210193 0.555278 0.181914 0.0922977 0.189856 0.197254 0.407627 0.826964 5.61871 1.33556 0.860444 0.23726 0.840792 0.165865 2.97662 1.3703 8.06045 1.01511 1.00277 13.3403 2.0985 0.904532 0.59733 0.72189 0.595789 0.67589 0.506967 1.12815 0.253649 0.113684 0.305498 1.64226 0.941321 0.596757 1.02698 0.407114 1.09973 1.81247 2.0342 2.57595 2.04708 0.644655 1.95897 2.24196 1.71642 0.240392 2.39128 0.690579 0.942948 2.35144 2.46217 4.61568 1.91436 0.525557 0.618992 0.168041 0.496892 0.45945 0.341943 0.309342 0.819649 0.0779387 0.17372 0.205887 0.483105 0.422526 0.262248 0.284022 0.122165 0.317433 0.776584 1.08861 1.38719 0.223757 0.605309 0.370425 0.0797209 0.328061 0.659986 10.5248 0.0469895 8.08879 1.44649 0.183119 7.31543 5.61676 0.703888 2.34492 1.06763 0.30129 0.367273 0.374471 0.31721 0.220522 0.156145 1.39905 0.975487 0.775011 0.557212 0.828016 2.78598 2.04646 0.365233 0.153416 0.118241 0.0603687 0.629928 0.952888 0.383239 0.255969 1.81177 0 0.4822 0.439381 0.114567 0.442091 0.40403 0.158957 0.81081 1.08356 2.25406 1.63142 0.166069 0.685785 0.472237 0.440409 14.0046 4.56517 4.42056 3.14063 2.33937 0.278313 3.65319 4.61146 
0.720722 1.14879 0.168917 0.502668 0.903098 0.331547 0.741199 0.226873 0.880878 0.345322 0.378981 0.839082 0.79812 0.364675 0.508437 0.301877 0.297041 0.111033 0.135966 0.271107 0.172493 0.147379 0.209108 0.0540037 0.831583 0 0.0850046 0.115934 1.12156 0.508645 0.193918 0.557775 1.14176 1.14434 7.00495 1.50135 0.57348 1.5812 0.447059 1.70907 4.00453 4.42517 0.434063 1.37424 3.58369 2.73665 1.84013 0 1.28469 0.574639 0.933484 6.18941 0.805721 0.523138 0.61183 0.908012 0.353976 0.588441 0.743904 1.11227 0.436965 1.09393 1.19448 0.728576 0.709937 1.09663 0.649087 0.546213 0.954833 2.32589 0.99084 1.00097 0.441278 0.290581 0.706694 0.203089 0.177922 0.53032 0.222416 0.142564 0.862513 0.966657 0.524494 0.926451 0.573164 0.646135 2.03822 1.09798 0.744376 0.355266 0.287832 0.12509 0.351477 0.250809 0.194724 0.533152 0.428916 0.110606 0.0811757 0.114406 2.72514 1.25627 0.653642 2.88729 0.121685 0.157918 0.345423 0.175368 0.319504 0.409736 0.392928 1.02532 1.35683 0.999644 1.46721 5.05791 2.38776 1.38236 2.37449 2.08944 2.10353 1.26113 1.22644 1.40868 4.55154 4.02465 1.69425 3.45509 0.880969 0.828674 1.59654 0.965866 0.684373 1.41072 1.35582 0.932621 0.616124 0.814079 0.180641 0.262568 0.240789 0.241037 0.349832 0.406547 0.755806 0.887531 0.238969 0.57532 0.759549 0.227858 0.956933 0.260513 0.138499 0.0958943 0.112613 0.181105 0.0857431 0.337785 0.450242 0.228446 1.38493 0.167787 0.536375 1.00248 0.177103 0.420344 0.429861 0.245997 1.31199 0.413986 0.992006 0.192998 0.325588 0.300779 0.127272 0.248095 0.185177 0.0455569 0.123586 0.204384 0.0618708 0.0113636 0.0494745 0.159404 0.155429 0.910326 0.538907 0.655312 0.714405 1.06948 0.730182 0.368023 0.229894 0.15188 0.164212 0.475418 0.124451 0.600537 0.981346 1.29293 0.436059 0.146675 0.20805 0.321956 0.372371 0.629096 0.218612 0.0596014 0.132732 0.430293 0.419712 0.506889 0.140691 0.122889 0.206007 0.0916832 0.331051 0.591185 0.288399 0.0910735 0.283576 0.287554 0.131728 0.107302 0.194759 0.15302 0.305568 0.275801 0.685143 0.534426 1.34039 0.71205 0.620268 0.442663 0.245285 0.270215 0.595277 0.12781 1.08351 0.0517194 0.343041 0.175676 0.0873838 0.297095 0.508558 0.459153 0.251089 0.335742 0.23527 1.66339 0.0705539 0.26247 0.126785 0.123813 0.226644 0.505403 1.23649 0.603657 0.377633 0.505897 0.726728 1.93712 0.303239 0.0679162 0.166625 0.460746 0.900896 1.24774 0.505584 0.800755 0.289684 0.282174 1.80227 1.02319 1.58571 2.33351 1.13138 1.57736 2.7689 1.019 0.0914103 0.134688 0.0612766 0.11316 0.486617 0.156244 1.14563 0.599859 1.90825 0.806358 0.16816 0.46717 0.710404 0.560093 1.29869 1.98872 1.80657 7.87509 4.13209 3.28889 7.28937 3.78332 0.651318 3.55922 0.714031 0.510038 0.60897 0.907505 0.110972 0.220817 1.88063 0.375791 0.124417 0.515948 0.682057 0.0750685 2.5683 0.429277 1.83915 0.834403 1.50921 0.66246 5.83073 1.18757 0.734128 0.29062 1.07818 0.406781 0.100731 1.27376 0.0562723 0.726991 1.11343 0.734447 1.12628 0.731802 0.747669 0.86945 2.44455 0.736048 0.611257 1.29136 0.560313 0.861254 0.658067 0.275835 0.713775 0.153713 0.33317 0.304516 0.16147 0.32647 1.23097 0.411338 0.91764 2.91249 0.292614 0.293907 3.12152 1.32526 0.480965 0.658813 0.567687 1.07618 1.11655 1.44197 0.996515 1.34293 2.0239 1.7734 0.319571 0.261901 0.671132 1.5281 2.21465 1.56314 0.49171 0.382945 0.671338 0.628443 0.157999 0.214291 0.535244 0.139555 0.314956 0.860844 0.65746 0.460691 0.141695 0.571885 0.281909 0.147625 1.2441 0.687705 0.887627 0.448475 1.51152 0.880814 2.16808 0.816085 6.63522 5.24213 0.691016 0.678016 1.36242 2.39451 0.665 0.290832 5.73773 2.41308 1.88272 1.05459 0.380185 2.13884 2.61572 5.58906 0.35594 0.269892 0.858614 0.274988 0.144625 0.666915 0.241465 0.139404 0.127772 0.162704 0.23537 0.424714 0.885046 0.247744 0.469764 0.68069 0.457408 0.0216374 0.436314 0.330975 0.341654 0.0466896 0.0562951 0.13284 0.335151 0.296679 0.115337 0.112 0.331554 0.137184 0.295295 0.0678267 0.34073 0.430058 0.511782 0.178219 0.779849 0.789863 0.678181 2.50951 0.559132 0.556434 0.302716 0.193199 1.61581 0.404309 1.45545 0.186683 0.206757 0.289952 0.66134 2.65313 0.805182 2.37734 2.0206 0.925322 0.376452 0.207263 0.149016 0.0717687 0.23817 0.132223 0.352904 0.34843 1.35049 0.523917 0.432097 0.120915 0.288454 1.14426 1.24385 0.181577 2.36995 0.805393 0.518117 0.56772 0.664381 0.717136 0.236466 0.151335 0.805018 1.80715 1.89261 1.1159 1.40989 0.526726 1.89474 0.744668 0.405158 0.756752 0.110213 0.0774117 1.31563 3.10004 0.740513 0.330525 
