131
136.423 145.031 0 1
68.1587 72.6488 0 2
135.608 121.099 0 1
217.516 73.0774 0 1
207.755 44.5842 0 1
54.3069 108.417 0 2
317.841 237.389 0 1
219.748 68.2761 0 1
208.135 16.6618 0 1
152.749 100.504 0 2
17.3281 109.68 0 2
103.062 7.75344 0 2
158.238 118.038 0 2
209.401 39.2207 0 1
37.3608 208.886 0 1
293.899 192.706 0 1
302.274 195.533 0 1
35.4638 199.687 0 1
109.683 214.83 0 1
71.0751 9.3812 0 2
144.513 19.6707 0 1
143.945 117.819 0 2
265.967 169.448 0 1
157.944 1.61328 0 2
317.658 1.54852 0 1
156.391 134.514 0 1
1.91277 1.87053 0 2
80.8431 108.002 0 2
32.6783 220.312 0 1
92.5787 95.4971 0 2
148.419 12.1805 0 2
115.097 220.853 0 1
78.011 67.1032 0 2
90.641 237.526 0 1
26.6301 101.498 0 2
74.1599 1.89943 0 2
25.3325 18.7413 0 2
167.242 137.819 0 1
164.222 214.556 0 1
103.714 14.639 0 2
18.8391 104.514 0 2
51.4383 204.912 0 1
307.456 202.377 0 1
133.24 108.317 0 2
27.2901 11.6956 0 2
2.02335 117.979 0 2
2.05708 1.622 0 1
16.2595 118.045 0 2
109.859 36.7732 0 2
116.736 74.3851 0 2
83.8543 68.763 0 2
578.554 444.621 0 0
31.8358 237.853 0 1
227.796 429.853 0 0
580.821 431.721 0 0
46.3607 220.744 0 1
76.7058 16.0369 0 2
124.486 1.77715 0 2
83.229 118.256 0 2
637.122 1.12181 0 0
185.757 192.069 0 1
637.797 476.039 0 0
298.589 22.1307 0 1
202.63 27.1973 0 1
268.299 215.087 0 1
579.901 437.941 0 0
48.3837 35.7441 0 1
638.314 413.649 0 0
72.4752 398.128 0 0
543.336 444.268 0 0
616.717 405.843 0 0
147.321 95.795 0 2
418.982 33.594 0 0
132.406 30.7384 0 1
67.9045 60.4721 0 2
289.79 236.991 0 1
114.271 214.828 0 1
38.3184 203.44 0 1
2.84224 237.624 0 1
74.0183 388.395 0 0
215.693 155.408 0 1
104.518 22.6008 0 2
81.0249 305.991 0 0
598.551 42.2406 0 0
97.4173 238.097 0 1
102.63 84.6733 0 2
39.8783 151.97 0 1
433.83 147.857 0 0
93.299 475.386 0 0
26.231 117.61 0 2
19.272 95.7127 0 2
232.732 439.039 0 0
44.3695 117.574 0 2
103.903 19.1536 0 2
45.8211 237.898 0 1
80.9074 313.075 0 0
139.709 75.8117 0 2
223.026 452.147 0 0
79.6987 408.632 0 0
59.886 108.341 0 2
205.656 447.996 0 0
147.366 1.84322 0 1
26.3867 65.3108 0 2
132.365 2.20289 0 2
200.221 1.76383 0 1
74.6066 8.58698 0 2
204.033 442.354 0 0
543.295 446.364 0 0
75.1762 417.025 0 0
402.803 52.8596 0 0
287.552 227.478 0 1
234.663 150.927 0 1
432.041 145.872 0 0
412.918 89.7218 0 0
331.579 427.869 0 0
66.9584 395.56 0 0
74.7224 409.392 0 0
95.1557 466.518 0 0
4.02829 1.37104 0 0
50.0701 218.625 0 1
224.941 450.828 0 0
34.4898 220.111 0 1
224.211 466.171 0 0
25.7783 110.631 0 2
136.974 110.899 0 2
63.7727 439.333 0 0
232.109 442.079 0 0
433.703 144.932 0 0
190.531 432.688 0 0
193.313 478.033 0 0
245.742 2.12091 0 1
