0.4375
0.5
0.333333
0.3125
0.153846
0.666667
0.125
0.5
0.733333
0.5
0.5
0.5
0.5
0.0714286
0.5
0.5
0.230769
0.125
0.5
1
0.272727
0.5
0.111111
0.818182
0.833333
0.1875
0.375
0.636364
0.0714286
0.5
0.5
0.210526
0.6
0.647059
0.36
0.666667
0.666667
0.5
0.428571
0
0.782609
0.695652
0.769231
0
0.5
0.684211
0.05
0.5
0.5
0.578947
0.642857
0.863636
0.333333
0.826087
0.818182
0.5
0.772727
0.73913
0.3
0.75
0.529412
0.5
0.352941
0.666667
0.826087
0.736842
0.590909
0.75
0.375
0.5
0.666667
0.266667
0.764706
0.772727
0.619048
0.894737
0.8
0.666667
0.470588
0.652174
0.846154
0.714286
0.761905
0.318182
0.6
0.666667
0.9
0.909091
0.4
0.647059
0.65
0.111111
0.2
0.736842
0.736842
0.761905
0.5
0.5
0.869565
0.772727
0
0.625
0.5
0.909091
0.35
0.578947
0.166667
0.75
0.5
