0.00294985
0
0.0030581
0.00323625
0.003861
0.00338983
0.00431034
0
0.0030303
0
0
0.0909091
0
0.00416667
0
0
0.00471698
0.00649351
0.0769231
0.00314465
0.00367647
0.00222717
0.00413223
0.00316456
0.00224215
0.003003
0.00225225
0.00206186
0.00460829
0
0
0.0021692
0.00205339
0.00229358
0.00239234
0.00225734
0.00308642
0
0.00311526
0.00813008
0.00207469
0.00209205
0.00224215
0.00429185
0
0.00224215
0.003125
0
0
0.00224719
0.00298507
0.00206612
0.00460829
0.00207039
0.00212766
0
0.00205761
0.00207469
0.00203666
0.00204918
0.00253165
0.00254453
0.00242131
0.00215983
0.0021097
0.00223714
0.00208768
0.00358423
0.00448431
0
0.00218818
0.0026178
0.00239234
0.00208768
0.00214133
0.00229358
0.00204082
0.00219298
0.00253165
0.00210084
0.00310559
0.00215983
0.0021322
0.00218818
0.0021692
0.00228833
0.00210084
0.00315457
0.00219298
0.00229358
0.00218341
0.00413223
0.00381679
0.00212766
0.00223714
0.00211864
0.00251889
0.0666667
0.002079
0.00206612
0.0769231
0.00480769
0.00221729
0.00322581
0.00219298
0.00262467
0.00505051
0.0021692
0
0.0490393 0.0982054 0.031639 0.0174052 0.264323 0.318152 0.137725 0.204559 3.78953 5.8343 0.219721 2.27558 2.41147 0.100411 2.76646 0.0865529 0.134406 0.0472931 0.460592 0.345664 0.732501 0.268123 0.173259 0.101252 0.13603 0.0400692 0.519349 0.0620819 1.17235 0.730446 2.97333 0.0369123 0.0956688 0.294067 0.0546347 0.0536501 0.140393 0.120233 0.0299115 0.0880744 0.090269 0.122148 0.141094 0.10795 0.145878 0.00205761 0.0764321 0.120669 0.0270645 0.0211258 0.0735338 0.0263318 0.0103438 0.0187135 0.0357223 0.0547767 0.220481 0.0360885 0.0303438 0.0653071 0.258117 0.243285 0.159999 0.16022 0.021052 0.0533499 0.0979497 0.0484241 0.00959362 0.0202447 0.155317 0.0968802 0.382237 0.588054 0.0165766 0.0241043 0.0311944 0.0223878 0.0605767 0.615128 1.40063 0.375208 0.123057 1.77652 0.525337 0.499639 1.73844 1.10047 0.0583101 0.137258 0.0829431 0.128692 0.103355 0.056882 1.41895 0.143459 0.224887 0.015794 0.207957 0.122099 0.0452802 0.0107728 0.0192674 0.048441 0.454846 0.15792 0.0218326 0.0392681 0.108506 0.0933042 0.209618 0.0212412 0.0677032 0.0995369 0.0564867 0.197194 0.248501 0.055008 0.0438172 0.0548162 0.0409094 0.0212501 0.295499 0.101617 0.0108747 0.0145409 0.0146537 0.0125859 0.338554 0.114781 1.35452 0.0397355 0.139705 0.0332214 0.127466 0.104793 0.149172 0.296028 0.081956 0.224652 0.335921 0.102578 0.0614414 0.0115562 0.216751 0.575764 0.199858 0.161669 0.0212217 0.154961 0.0446035 0.14354 0.174603 0.204678 0.0775384 0.0833404 0.0404986 0.0381006 0.0231802 0.0327208 0.0131433 0.0121567 0.0208402 0.0164824 0.024339 0.0245285 0.022963 0.0264116 0.077542 0.192316 0.106815 0.0137156 0.731704 0.313169 0.851935 0.249032 0.0233638 0.0673715 0.235862 0.123976 0.066005 0.0205963 0.0197486 0.0374499 0.103938 0.368973 0.052496 0.0778318 0.180885 0.138043 0.412857 0.148244 0.174582 0.146181 0.362076 0.34104 0.299637 0.127348 0.0817866 0.213953 0.0860132 0.103193 0.0763079 0.0650875 0.293616 0.0958752 0.0205661 0.0632584 0.0987425 0.0563316 0.0655986 0.0386176 0.0817982 0.182808 0.0189979 0.035971 0.0522317 0.0435366 0.118228 0.110516 0.0290242 0.0191934 0.0201883 0.0719892 0.0712455 0.0790821 0.143209 0.132919 0.0737454 0.0414918 0.00979564 0.0414328 0.172495 0.0515471 0.111351 0.0300367 0.0171163 0.0451251 0.0164493 0.0291792 0.0484245 0.14568 0.184206 0.0129251 0.24074 0.307704 0.363919 0.375871 0.0226475 0.0277984 0.010595 0.0241237 0.00338983 0.0143494 0.00412434 0.020446 0.122416 0.277272 0.0567144 0.0783067 0.176064 0.147189 0.0687505 0.0445546 0.092718 0.0994297 0.0446628 0.0733964 0.014499 0.0505311 0.00836027 0.0220455 0.39919 0.333421 0.792428 0.237243 2.16516 0.14319 0.451334 0.369808 0.502066 0.10991 0.0734491 0.0924986 0.138039 0.140434 0.302739 0.0489543 0.134766 0.0253756 0.0030581 0.0314338 0.0572776 0.272066 0.0851664 0.155582 0.0752712 0.241669 0.218711 0.282541 0.0458239 0.0704376 0.00843624 0.0534199 0.317683 0.106634 0.0657934 0.028428 0.262504 0.689231 0.539723 0.205953 0.237868 0.160058 0.128289 0.0147371 0.0479236 0.702847 0.206801 0.183875 0.05454 0.010547 0.0738564 0.0369512 0.0316172 0.0133941 0.165968 0.1142 0.0936713 0.1875 0.0777391 0.0506964 0.114885 0.0421669 0.0941849 0.082666 0.114647 0.176287 0.0578447 0.0562286 0.103858 0.351519 0.0480833 0.0635917 0.0475487 0.089546 0.0954941 0.0384365 0.180476 0.120219 0.0280502 0.299086 0.460119 0.0108974 0.0361235 0.0158526 0.0478381 0.700457 0.0923432 0.0149519 0.120621 0.189862 0.0167998 0.0462944 0.0586882 0.347468 0.0348779 0.00731327 0.157715 0.138553 0.100172 0.0971536 0.123631 0.008402 0.025656 0.0660582 0.198488 0.212709 0.0958591 0.046136 0.012268 0.0418286 0.090601 0.0143879 0.00618984 0.0084506 0.0128407 0.00863258 0.0280987 0.0151507 0.0078087 0.00966213 0.017091 0.0241355 0.0674374 0.035859 0.035357 0.0492234 0.062012 0.024061 0.039383 0.0217034 0.0306614 0.2466 0.061018 0.0521765 0.0134622 0.0257113 0.178802 1.34203 0.204187 0.0391359 0.0516483 0.467698 0.282505 0.137935 0.069256 0.248297 0.0271611 0.0437617 0.0161379 0.00205761 0.0242092 0.0108288 0.0283939 0.0260537 0.0947226 0.0323174 0.00412808 0 0.00916497 0.00205339 0.0127468 0.0374736 0.0129728 0.00958975 0.0409397 0.0281773 0.0581225 0.00323625 0.029236 0.0445101 0.0911098 0.00616029 0.0588375 0.0314482 0.00745211 0.0410652 0.183537 0.123335 0.0461203 0.0531793 0.0620013 0.0420215 0.0885729 0.02323 0.0733788 0.152559 0.0498475 0.0542446 0.160819 0.0994323 0.24978 0.0574703 0.0808663 0.0386689 0.108788 0.0154176 0.0952944 0.123729 0.0485084 0.030537 0.0357617 0.0741339 0.0295495 0.010535 0.0803595 0.181292 0.0568817 0.173193 0.0428766 0.0286972 0.0242111 0.0125946 0.044363 0.0191356 0.0951583 0.0115363 0.160318 0.0928805 0.0277429 0.0511727 0.219976 0.0383832 0.0531018 0.205473 0.169037 0.127036 0.0674601 0.0622782 0.130236 0.340855 0.934519 0.233129 0.259024 0.0437742 0.0646026 0.0125149 0.0737777 0.122895 0.0200567 0.00517847 
0.12413 0.0594729 0.0967333 0.0776983 0.144032 0.101009 0.0256955 0.0547769 0.19418 0.171863 0.221283 0.3717 0.0470365 0.0423635 0.141315 0.636334 0.152457 0.285782 0.507111 0.194125 0.0683863 0.0494102 0.104465 0.0578834 0.0433536 0.169178 0.117943 0.0503656 0.205311 0.172228 0.0430564 0.123681 0.4775 0.333999 1.20883 0.727579 0.577226 1.41098 0.0940343 0.189075 1.08218 0.306646 0.0959163 0.273724 0.787353 0.0391859 0.0873091 0.026224 0.249846 0.186752 0.0171345 0.0654176 0.023126 0.0473819 0.106137 0.0307494 0.0907217 0.0506456 0.0750819 0.0468632 0.0523082 0.0763581 0.0749883 0.0502867 0.0493906 0.032219 0.701642 0.524581 0.19524 0.197814 0.136325 0.0840634 0.0643427 0.0358265 0.0633611 0.0144972 0.0248048 0.0361414 0.0481202 0.0701247 0.0158111 0.0189366 0.0388357 0.0598077 0.0224675 0.0613716 0.0606351 0.10599 0.0105213 0.0220017 0.0138397 0.0108073 0.0283122 0.00218818 0.0150612 0.00723899 0.133835 0.0768203 0.0350557 0.0715464 0.0619564 0.0758983 0.103357 0.0253661 0.227795 0.0191259 0.0410497 0.0331512 0.0873298 0.0209747 0.0481293 0.0398415 0.142217 0.110514 0.0453102 0.0303052 0.00206186 0.0161621 0.00415391 0.0175736 0.0322426 0.0898904 0.0545974 0.00633967 0.0247706 0.0331344 0.0802827 0.102917 0.762993 0.229015 1.41977 0.242824 0.51517 0.0486833 0.661802 0.831893 0.106631 0.0767858 0.0488023 0.0445489 0.236764 0.0462521 2.06534 0.444494 0.155585 0.13784 0.0571837 0.130228 0.0761483 0.12291 1.32482 0.184138 0.168325 0.338524 0.244286 0.0554759 0.159087 0.0520474 0.479683 0.329477 13.31 0.379969 1.16704 0.838046 1.11994 1.98766 0.0268874 0.79551 0.214368 0.306312 0.052037 0.162572 0.0402356 0.0740613 0.0305709 0.0083781 0.433335 0.189179 0.0707155 0.138409 0.64877 0.42798 0.177676 0.837002 0.669357 1.58834 0.0376211 0.165501 0.337637 0.261106 0.424723 0.0776781 0.0274948 0.0410873 0.0167826 0.03293 0.0282858 0.0197923 0.0182176 0.0385218 0.0271612 0.0230178 0.109407 0.0337216 0.0197428 0.0146324 0.0388267 0.031894 0.0650777 0.024707 0.0388363 0.159451 0.0426035 0.0208001 0.0266743 0.0756962 0.0847545 0.020378 0.0308701 0.0858922 0.0129558 0.017821 0.010977 0.0344823 0.57972 0.239314 0.283379 1.17245 0.105943 0.00811656 0.172206 0.158932 0.151455 0.0243687 0.127284 0.0446246 0.172685 0.150374 0.12536 0.046882 0.0635281 0.00951867 0.129718 0.0574013 0.00649903 0.0240587 0.0187331 0.0812657 0.211029 0.0146149 0.0180384 0.0797776 0.025986 0.0214502 0.0394005 0.00323625 0.0724125 0.0250723 0.0369385 0.0354018 0.0924471 0.121155 0.176391 0.189693 0.0558318 0.147271 0.0123298 0.0596893 0.0498318 0.046822 0.0758451 0.139141 0.0261519 0.0238888 0.0666198 0.0409703 0.0310839 0.0616657 0.110533 0.178176 0.0383993 0.0166494 0.0224022 0.0442326 0.107103 0.0577059 0.0200412 0.0190607 0.0217204 0.0144629 0.018708 0.0386369 0.0314003 0.0291137 0.0930328 0.0413719 0.00834669 0.0448099 0.0533748 0.0632404 0.0103584 0.0117364 0.0405357 0.0610555 0.205377 0.0536386 0.0366193 0.00837905 0.0863617 0.0443483 0.0309935 0.016811 0.0825845 0.106053 0.0639891 0.0191154 0.0201971 0.0170978 0.0138369 0.0130752 0.0311114 0.0489436 0.0399239 0.0928642 0.0313309 0.0402031 0.0416172 0.0420877 0.0973048 0.0253262 0.0192077 0.0157261 0.117822 0.0189581 0.0534837 0.0462238 0.355464 0.3582 0.204968 0.0997951 0.126085 0.0378028 0.159659 0.0955787 0.245599 0.146041 0.269932 0.0660252 0.0418417 0.0296476 0.117143 0.0735555 0.0478931 0.103999 0.0639144 0.0138825 0.0138575 0.16705 0.00622493 0.0402728 0.0251979 0.0679684 0.0317562 0.0335196 0.0199689 0.0234628 0.0790409 0.0167642 0.150693 0.0778078 0.108296 0.12938 0.214203 0.0949517 0.136901 0.0276952 0.0504875 0.0652986 0.0367076 0.0256809 0.014558 0.0158815 0.0082432 0.0222622 0.154673 0.133748 0.0725658 0.0399832 0.1697 0.0468464 0.075579 0.0537543 0.0919115 0.0147381 0.026642 0.0441112 0.0809903 0.0873074 0.0105669 0.0210048 0.600611 0.0547957 0.116276 0.0258977 0.172885 0.0392362 0.0876501 0.0857329 0.436637 0.158473 0.0322748 0.0228208 0.157267 0.0580106 0.018809 0.0128947 0.0407676 0.0351147 0.133359 0.04973 0.295415 0.29721 0.0699685 0.077282 0.0838249 0.101568 0.107364 0.0350797 0.0359225 0.0375469 0.0264066 0.00412378 1.28776 0.755118 0.273571 0.0733129 0.0987504 0.0765111 0.696431 0.7103 0.330825 0.864012 0.03494 0.0392042 0.0818385 0.0214304 0.226087 0.252878 0.200989 0.130093 0.427157 0.143483 0.386657 0.120851 0.191856 0.181761 1.16323 0.959002 0.17762 0.552443 0.276722 0.174273 1.27306 0.041406 0.113486 0.252016 0.374037 0.0215621 0.204958 0.495358 0.23114 0.113013 0.0150272 0.0440384 0.017474 0.0196138 0.0124141 0.0121959 0.0414542 0.0254291 0.0244967 0.0133726 0.1487 0.0466499 0.0780455 0.0886089 0.0260267 0.208651 0.0674107 0.0292255 0.0318896 0.0160027 0.16332 0.0331534 0.0912984 0.0671695 0.0537063 0.388317 0.154461 0.0702346 0.0494539 0.0890248 0.0887358 0.069637 0.120763 0.0334662 0.0986941 0.0748308 0.00617708 0.0273001 0.0319048 0.0138243 
0.126378 0.468274 0.137829 0.251281 0.224704 0.201621 0.0413779 0.0378633 0.833356 0.128126 0.249636 0.413206 0.415997 0.0321328 0.206932 0.0398052 0.279077 0.224822 0.334245 0.085052 0.157064 0.0441297 0.02391 0.0850208 0.10491 0.136023 0.22892 0.495633 0.0323574 0.0207959 0.024444 0.01945 0.23884 0.0743645 0.0223611 0.303619 0.44856 0.0571097 0.0318727 0.312868 0.671424 0.0359186 0.176747 0.0746444 0.688083 0.365936 0.261268 0.0881772 0.228643 0.0461866 0.244672 0.100521 0.0597869 0.143262 0.10946 0.189425 0.0921158 0.20196 0.0587454 0.0934131 0.064559 0.116889 0.010431 0.0293304 0.0951022 0.0515202 0.188285 0.0566695 0.0759343 0.204332 0.0888408 0.17709 0.0982753 0.430885 0.073529 0.21686 0.064343 0.0399767 0.045521 0.0500428 0.0376064 0.0738862 0.0348828 0.12495 0.0409332 0.0172504 0.0250411 0.0166729 0.0299527 0.185045 0.033135 0.0472968 0.0477997 0.0624674 0.0860117 0.0764509 0.0591775 0.0547557 0.189943 0.106903 0.0512022 0.0546199 0.0263273 0.0293389 0.216156 0.175719 0.0270788 0.0168705 0.136263 0.300353 0.0235563 0.157405 0.0629287 0.064078 0.0230632 0.0612127 0.0196621 0.0113493 0.0540565 0.06293 0.13867 0.129543 0.0159604 0.0169458 0.173344 0.0576393 0.0105216 0.0226792 1.06513 0.589718 4.5841 0.0244278 1.5075 0.12105 0.103699 0.0969469 1.83759 0.442684 0.0432306 0.0166726 0.170746 0.387644 0.0872135 0.0490492 0.106832 0.0900853 0.101385 1.14787 0.0107032 0.0988307 0.0144428 0.00825688 0.271454 0.215383 0.122097 0.208609 0.0344211 0.0307373 0.0610561 0.0352098 0.0130852 0.00862238 0.0145261 0.0148171 0.266217 0.00971955 0.0473742 0.0755526 0.0755366 0.0867355 0.627923 0.182806 0.0391958 0.0584307 0.0738838 0.0556742 0.012454 0.0177473 0.0311266 0.0283331 0.0544267 0.010394 0.0083999 0.0103693 0.0569526 0.0642538 0.236539 0.0370423 0.0808923 0.0127571 0.122417 0 0.103909 0.03697 0.0716658 0.0352241 0.1688 0.0302501 0.0349604 0.0645985 0.111661 0.0155665 0.0697656 0.0423064 0.0849384 0.111802 0.0497766 0.253273 1.04215 1.45502 0.504667 0.146049 3.73677 1.7761 0.374997 0.33251 0.413011 0.072848 0.766837 1.47598 0.860907 0.145663 0.5318 0.602281 0.0830438 0.0373013 0.0626604 0.0449396 0.0403753 0.0476803 0.300841 0.223695 0.0745399 0.17005 0.21685 0.0700266 0.0358946 0.0464888 0.0574601 0.0720953 0.012748 0.0567576 0.0666677 0.0352858 0.0187013 0.0544167 0.125663 0.126517 0.0553963 0.0353689 0.052518 0.0324447 0.268887 0.106889 0.280732 0.0233617 0.0222304 0.0578363 0.0719148 0.102539 0.0637582 0 0.197218 0.0167371 0.35471 0.160241 0.17032 0.49772 0.181258 0.053613 0.110905 0.0448782 0.120003 0.1196 0.171882 0.29484 0.158576 0.146408 0.0614859 0.0287779 0.0930942 0.0461751 0.285678 0.00855258 0.192105 0.0574723 0.0364089 0.0540325 0.0428542 0.0977893 0.193785 0.082319 0.14114 0 0.0356205 0.0230968 0.0189449 0.0833889 0.00923147 0.0224483 0.138105 0.0811627 0.0116186 0.0115464 0.181739 0.0448541 0.025775 0.0206559 0.00723899 0.0165343 0.107261 0.0222709 0.0737409 0.0477602 0.0849884 0.0208587 0.0434393 0.0532665 0.152126 0.036828 0.0114071 0.0714911 0.0413058 0.102341 0.038719 0.312237 0.0591651 0.122302 1.41924 0.13387 0.384519 2.05813 1.68613 1.38285 0.901888 0.0637295 0.00756534 0 0 0 0.0460823 0.0370909 0.0086127 0.00734767 0.0724427 1.86474 0.0682703 0.164995 0.346235 0.0823858 0.142507 0.0521735 0.488853 1.93419 0.0294255 0.122711 0.0471449 0.020382 0.0343193 0.0589736 0.531618 0.0851436 0.112443 0.106738 0.133187 0.0262888 0.17451 0.177225 0.162852 0.0944125 0.0161047 0.0305685 0.244489 0.0463365 0.151241 0.0329118 0.240052 0.0145753 0.178843 0.048109 0.187764 0.410433 0.024723 0.440174 0.534802 0.0917013 0.0399782 0.34467 0.0499813 0.00957452 0.126481 0.0542758 0.0322911 0.0475182 1.11211 0.285833 0.0546708 0.0341879 0.0881542 0.103847 0.193519 0.0642862 0.0760161 0.0779651 0.206948 0.190083 0.115847 0.0921618 0.0508725 0.0271021 0.0520713 0.133733 0.0617528 0.185562 0.0442685 0.209267 0.122039 0.0489364 0.0670603 0.229933 0.050656 0.0421776 0.0367526 0.123723 0.0477158 0.0722807 0.0285658 0.082187 0.00420235 0.095409 0.21531 0.0997475 0.0331617 0.0497212 0.0535802 0.0291396 0.0177925 0.0144805 0.342126 0.0500499 0.0851113 0.0806742 0.106731 0.0691988 0.0340534 0.016717 0.0795783 0.00930083 0.457456 0.924603 0.568181 0.0807048 0.712838 0.172678 0.0172931 0.0230817 0.0345489 0.45291 0.0861228 0.0311653 0.0538245 0.177646 0.0733967 0.0179132 0.0593134 0.0221642 0.508705 0.205941 0.146279 0.0899742 0.0981708 0.0342489 0.173831 0.521701 0.0419433 0.210916 0.0875849 0.0442152 0.206653 0.231683 0.319149 0.131573 0.130528 0.068135 0.0471338 0.0313025 0.0267865 0.0282477 0.0166152 0.073303 0.178166 0.00635077 0.0188993 0.0719305 0.214201 0.156959 0.0359063 0.0568022 0.0189701 0.0648141 0.489341 0.214719 0.0594504 0.0651116 0.344911 0.158654 0.0483569 0.0778478 0.0167581 0.0494948 0.137352 0.0642937 
0.195592 0.20792 0.415712 0.404913 2.59505 0.165025 1.74575 1.5161 0.525568 0.933209 0.706814 1.39358 0.636999 0.650573 0.129352 0.464025 0.0311491 0.0474989 0.03097 0.00839332 0.110623 0.0322955 0.0595006 0.168571 0.238114 0.511345 0.402229 0.128095 0.100404 0.014589 1.70749 0.143049 0.0420986 0.0814694 0.0871781 0.0128772 0.111456 0.063113 0.15083 0.11183 0.499307 0.126602 0.20129 0.0269319 0.0344767 0.120779 0.0891865 0.0522015 0.119914 0.054893 0.0440151 0.0652508 0.134857 0.0336665 0.107356 0.0964431 0.0446568 0.0324229 0.032771 0.283982 0.103333 0.0639245 0.0362734 0.0156258 0.581944 0.181126 0.40701 0.010789 0.0390834 0.026808 0.0451879 0.0197247 0.712364 0.54799 0.0337023 0.0833568 0.0568954 0.0455525 0.0712844 0.0999422 0.0124444 0.0246715 2.36824 0.179945 0.0972996 0.0676373 0.034104 0.0127836 0.210564 0.0949048 0.0704169 0.0429309 0.0220388 0.410575 0.11571 0.0302124 0.642456 0.161582 0.287601 0.178956 0.028034 0.816381 0.0841448 0.0399267 0.0367676 0.0390272 0.286537 1.40103 0.952573 0.245621 0.0506095 0.02623 0.171714 0.0231102 0.274375 0.0977382 0.0450837 0.0926142 0.0586335 0.0151543 0.110254 0.649064 0.0211632 0.145978 0.0281849 0.0649239 0.0200804 0.0272806 0.0766825 0.0891133 0.0171902 0.0381616 0.345198 0.320842 0.455691 0.696225 0.201435 0.106787 0.2441 0.0511186 0.707695 0.757171 2.06297 3.74921 0.0727942 0.201968 0.0369168 0.0946367 0.153861 0.0923134 0.154975 0.0931492 0.0364159 0.0282335 0.016736 0.052664 0.0308326 0.0228348 0.0125952 0.023897 0.205046 0.270416 0.37642 0.126345 0.301215 0.256164 0.182149 0.128027 0.0796858 0.0792254 0.0620559 0.0963395 0.0261099 0.113623 0.0327457 0.0956728 0.080448 0.219379 0.115578 0.0912342 0.0800971 0.173909 0.152846 0.0362989 0.0444309 0.0838451 0.0628281 0.143032 0.103131 0.19129 0.0485767 0.0701354 0.129807 0.0918359 0.311513 0.295588 0.0980807 0.0748634 0.0414928 0.0168084 0.0417982 0.116317 0.0697643 0.0511545 0.194626 0.0455803 0.0556214 0.0165464 0.0417918 0.0581342 0.0980124 0.082752 0.0347868 0.0276561 0.0212832 0.0255676 0.118085 0.226622 0.125768 0.253729 0.0149176 0.0523206 0.0249567 0.117706 0.0209239 0.0414171 0.0130931 0.0084749 0.0641816 0.0309275 0.014491 0.0239449 0.0157753 0.0284398 0.083985 0.0744566 0.0246917 0.0104428 0.084663 0.00735998 0.0301462 0.0312565 0.170764 0.0439848 0.0576184 0.0264395 0.00837191 0.0170723 0.0114818 0.0148882 0.0158093 0.0248647 0.0104315 0.00930591 0.00726389 0.0125625 0.860751 0.514145 0.179417 0.105141 0.464872 0.275201 0.341927 0.16565 0.688485 2.32584 0.63707 0.120441 2.90535 1.69338 0.525118 0.4398 1.05952 0.140339 0.2884 0.182969 0.106784 0.0958532 0.281177 0.451088 0.00838498 0.155992 0.107473 0.233075 0.336861 0.442122 0.152082 0.0163925 0.135877 0.196235 0.0811559 0.0743556 0.0192472 0.0234392 0.093529 0.0170341 0.0394718 0.27839 0.0970053 0.0830185 0.0905847 0.0600073 0.0533269 0.0421295 0.245852 1.14892 0.139326 0.264119 1.422 0.0908313 0.370684 0.0173729 0.0612296 0.092673 0.144748 0.12606 0.551347 0.140392 0.416099 0.0330985 0.0657879 0.0297503 0.0931567 0.0504048 0.0691188 0.0893124 0.0518127 0.0527422 0.0406926 0.0156769 0.0443744 0.0254923 0.0344683 0.0583878 0.251912 0.125686 0.0642669 0.0836676 0.0683398 0.0770404 0.014732 0.0280986 0.0484288 0.0345437 0.078718 0.032269 0.0449134 0.034843 0.181857 0.213404 0.138137 0.014887 0.0778005 0.0518323 0.0632255 0.0777615 0.120198 0.102052 0.0594239 0.0965885 0.0327483 0.0256868 0.100827 0.1078 0.0921817 0.0284825 0.0437714 0.223307 0.590895 0.40832 0.055072 0.281502 0.12138 0.0829505 0.121179 0.0453183 0.0706761 0.256849 0.309418 0.191948 0.13271 0.0393793 0.013608 0.0495939 0.0590298 0.128082 0.117785 0.0962952 0.18497 0.168073 0.0477272 0.0353874 0.0543007 0.0648987 0.060403 0.0235599 0.117447 0.215295 0.0686703 0.0770715 0.720256 0.113607 0.145439 0.131216 0.465683 0.210327 0.180865 0.112439 0.036154 0.0402969 0.458869 0.128428 0.114193 0.106258 0.141258 0.123716 0.0444551 0.0583502 0.245578 0.0928049 0.0418747 0.0775393 0.0470269 0.0500614 0.0108166 0.0105028 0.0483753 0.0431813 0.0190481 0.0585198 0.0489916 0.0277092 0.102059 0.0262451 0.0299037 0.02855 0.0839225 0.0423306 0.0438848 0.0177906 0.0552673 0.022023 0.0554907 0.0720357 0.0516095 0.0428001 0.0669814 0.0668498 0.107515 0.028835 0.0654786 0.178527 0.0754741 0.0230209 0 0 0.143932 0.127387 0.145873 0.0652221 0.0328559 0.126973 0.169692 0.0709685 0.242055 0.0782479 0.0726798 0.137589 0.164188 0.0778027 0.155532 0.106066 0.215221 0.131904 0.097977 0.0550996 0.0916779 0.127236 0.183616 0.0660716 0.236775 0.0572998 0.054926 0.0398894 0.00414512 0.00412797 0.0133492 0.0264282 0.00846349 0.0062634 0.00878332 0.156825 0.0842215 0.0218222 0.0125517 0.017764 0.0437491 0.0550358 0.0215624 0.0269557 0.00620264 0.0170038 0.0242134 0.0211103 0.147775 0.02204 0.0513083 0.0398255 0.0189362 0.00431684 0.0340863 0.015571 
0.0718945 0.0291774 0.045921 0.760734 0.943324 0.571905 0.0944036 0.0248322 0.148933 0.142093 0.251207 0.330331 0.166462 0.940965 0.168948 0.193341 0.102684 0.139151 0.0364844 0.0827739 0.184012 0.0268384 0.01266 0.0606171 0.0357378 0.0229941 0.0353838 0.0559923 0.0292364 0.0145869 0.0283052 0.0166862 0.442073 0.192502 0.108802 0.167296 0.19597 0.0898333 0.036883 0.149457 0 0 0 0 0 0 0 0 0.152104 0.0653478 0.0209208 0.0103865 0.00534774 0.0510937 0.0710875 0.0909457 0.0306239 0.114986 0.0627605 0.104319 0.0483936 0.0234899 0.027302 0.0335084 0.0719104 0.0751177 0.0415357 0.0614467 0.0916965 0.0150948 0.0481332 0.0409861 0.0167266 0.00424389 0.0320811 0.0105453 0.00627208 0.00204918 0.0196867 0.0177996 0.0126274 0.0789086 0.0530105 0.0186662 0.076833 0.0134622 0.0125771 0.115596 0.169692 0.039426 0.0503205 0.0169972 0.183902 0.183569 0.0205981 0.0321438 0.0262312 0.0257041 0.0966034 0.0260451 0.0106355 0.0246526 0.0835345 0.0321629 0.0571024 0.0581696 0.0225509 0.0663843 0.486736 0.613309 0.0210712 0.018753 0.114074 0.0696582 0.0671913 0.489442 0.0233045 0.0266306 0.0235536 0.0264602 0.0575289 0.0648755 0.0411622 0.0253748 0.0291692 0.016797 0.0182132 0.0103824 0.0293424 0.0952125 0.0358742 0.0747363 0.105704 0.0105411 0.04007 0.0599319 0.0253886 0.0363298 0.0069795 0.0134013 0.0684167 0.0407896 0.329927 0.224402 0.127778 0.0394939 0.0700246 0.0754604 0.0211894 0.0249583 0.0427416 0.025641 0.0127079 0.0192958 0.0260606 0.0473608 0.0304718 0.0305941 0.0362782 0.0540007 1.90305 0.93702 0.193164 0.697229 0.281946 0.182217 0.799542 0.0922411 0.0269592 0.0654229 0.0871794 0.0298712 1.7092 0.256969 0.0688459 0.0426728 0.31595 0.0322028 1.44509 1.02639 0.136849 0.109055 0.179491 0.378577 0.0893626 0.0625112 0.0650803 0.0570605 0.0545724 0.185213 0.131455 0.23331 0.0430826 0.056991 0.764108 0.0424526 0.0688311 0.10334 0.0420932 0.0221652 0.0956619 9.57568 1.16129 0.0458664 0.0240678 0.0562766 0.172297 1.6023 1.93751 0.177812 0.116775 0.14047 0.0637909 0.00621125 0.106448 0.124237 0.118647 0.521288 0.109588 0.790778 0.0698105 0.184354 0.57173 0.0331704 0.15719 0.0294967 0.0736478 0.0531827 0.0103012 0.00617746 0.00410678 0.00310559 0.0306044 0.0391689 0.106555 0.158468 0.0463362 0.0812658 0.0924647 0.0849137 0.454286 0.246456 0.0324931 0.0864188 0.529027 0.0500292 0.135713 0.755164 2.24026 0.226557 0.682505 0.367944 0.506405 0.0785877 0.564992 0.0467774 0.0108219 0.034444 0.045543 0.381014 0.0175492 0.0251457 0.156959 0.119954 0.0225101 0.0391991 0.00845924 0.0178122 0.0526118 0.0409185 0.0137068 0.0358959 0.0480114 0.0222887 0.02576 0.0171731 0.266815 0.189525 0.171749 0.0336845 0.0363166 0.0061984 0.0625172 0.0993404 0.0440357 0.102587 0.0765791 0.0773164 0.341962 0.174202 0.195765 0.0115207 0.185475 0.170183 0.164697 0.174403 0.0663585 0.452006 0.253296 0.134729 0.147319 0.0568412 0.072737 0.0423344 0.0718035 0.256049 0.403589 0.0495679 0.240223 0.132046 0.150212 0.123615 0.349581 0.0682285 0.211264 0.19396 0.0655594 0.0159645 0.0346582 0.0242394 0.305968 0.342221 0.0242505 0.0254151 0.199403 0.159154 0.385442 0.257358 0.0714514 0.213051 0.231236 0.329539 0.0628266 0.013716 0.0268943 0.0482536 0.124611 0.5192 0.292279 0.0557455 0.360876 0.358342 0.196485 0.23787 0.0558365 0.0580757 0.0706481 0.0390206 0.0433219 0.0148839 0.0664043 0.0678309 0.00870212 0.0493603 0.563423 0.0330697 0.197274 1.24158 0.278211 0.0750602 0.0168494 0.0641648 0.0374183 0.0159531 0.0586529 0.00441208 0.0201351 0.00843414 0.0137998 0.0261302 0.0422693 0.0658778 0.0928225 0.0301206 0.0342915 0.0263216 0.0258353 0.00632289 0.00629637 0.00643207 0.0202398 0.00747361 0.0119973 0.00829529 0.0999803 0.0767624 0.0619319 0.0148594 0.0591458 0.117744 0.349573 0.436924 0.249247 0.293686 0.0593306 0.0687347 0.0171217 0.0483797 0.23652 0.155656 0.0685836 0.0617404 0.263176 0.960955 0.0213027 0.0208959 0.0561975 0.032914 0.0387143 0.039981 0.0673751 0.0658592 0.788501 0.580553 0.0494164 0.00846594 0.217178 0.320213 0.17672 0.547851 0.438915 0.532549 0.347829 0.248607 0.516551 0.049927 0.681722 1.09964 0.15328 0.427891 0.303211 0.0873565 0.38349 0.395096 1.05182 0.74773 0.0564436 0.0305309 0.0409365 0.0153334 0.079285 0.0278154 0.07699 0.0779283 0.0364032 0.042206 0.0469637 0.0726949 0.0593503 0.0310483 0.047421 0.04779 0.188949 0.393417 0.108621 0.0709482 0.0278634 0.440305 0.0587566 0.0369982 0.290589 0.0581059 0.124445 0.256665 0.327676 0.932813 1.13288 1.71486 0.0334374 0.0390512 0.0240995 0.0328615 0.0206011 0.033913 0.255033 0.061205 0.0369853 0.0451301 0.0357919 0.25514 0.0328822 0.0893261 0.0343979 0.023415 0.0294813 0.0380356 0.0621166 0.0573685 0.0171352 0.036743 0.0346217 0.031185 0.121337 0.0258136 0.0565568 0.0554938 0.082976 0.0894466 0.102199 0.0221037 0.0300135 0.133486 0 0.0392904 0.0874029 0.0565285 0.0522005 0.076832 0.132296 0.217223 0.127494 0.131152 
0.0719279 0.15992 0.286508 0.440442 0.418375 0.0722182 0.0687942 0.109182 4.26526 0.307871 1.34409 0.174927 1.31407 0.0800553 0.346607 0.672377 0.00860376 0.0756233 0.177373 0.167792 7.22503 0.19083 0.970037 0.577103 0.298317 0.871998 0.0525052 0.245456 0.0584883 0.0086381 0.458362 0.346669 0.376896 0.1443 0.0863514 1.24831 0.199318 0.106499 0.161818 0.352714 0.0383364 0.0299099 0.0323142 0.0283046 0.233376 0 0.0843789 0.0798966 0.0305738 0.145816 0.0333228 0.0456574 0.0903611 0.0493214 0.022765 0.0219675 0.0225683 0.00517326 0.0688895 0.00867901 0.0169781 0.0259645 0.0864608 0.0589171 0.109068 0.124795 0.086118 0.100883 0.485551 0.192291 0.0522479 0.101164 0.307468 0.117613 0.154639 0.136063 0.849105 0.209248 0.158087 0.223799 0.111115 0.734218 0.132777 0.505305 0.0340556 0.0742764 0.0287451 0.0344369 0.0493329 0.179583 0.0926311 0.0627811 0.0323187 0.0107858 0.0126029 0.0306515 1.04416 0.649013 0.166116 0.521592 0.0603112 0.0222867 0.544507 1.47813 0.120134 0.109604 0.211459 0.0891176 0.545662 0.145979 0.0593626 0.0966565 0.0189218 0.0716264 0.0358716 0.0122453 0.091694 0.0105667 0.0210136 0.00996089 0.0365165 0.02773 0.0359534 0.0891914 0.0910495 0.0443022 0.0468963 0.0239113 0.0550355 0.0120381 0.0137028 0.0180861 0.198848 0.0783934 0.0541242 0.082649 0.0578891 0.0754456 0.114647 0.0518409 0.0272522 0.00448431 0.0391787 0.0639885 0.0886002 0.145932 0.0884996 0.0124189 0.0318387 0.0207266 0.00425532 0.00869321 0.0599294 0.0338856 0.0673753 0.114823 0.016592 0.0114781 0.0503533 0.123078 0.236089 0.0583128 0.0454454 0.00652388 0.125232 0.105453 0.122468 0.102154 0.0355051 0.023163 0.218636 0.0167695 0.0230252 0.0561478 0.0639763 0.18051 0.0274432 0.0319574 0.0359536 0.0223797 0.0230256 0.0145533 0.0196973 0.0249415 0.0273963 0.717003 0.04122 0.0294242 0.0852028 0.288334 0.0344256 0.103814 0.0674236 0.137797 0.0642973 0.0454481 0.180041 0.086455 0.0476609 0.147849 0.10874 0.066836 0.0327933 0.605557 0.61285 0.357328 0.0308944 0.0681328 0.0649566 0.0930676 0.0956517 0.350583 0.291528 0.0792157 0.12144 0.114192 0.0102593 0.00615623 0.0480809 0.117445 0.0697648 0.0226215 0.00877737 0.0137402 0.0113662 0.0960972 0.0415015 0.0441168 0.056545 0.123769 0.305715 0.194444 0.0694261 0.0523399 0.0211496 0.0255407 0.0602418 0.0541159 0.00419378 0.0158513 0.0298459 0.062861 0.0939607 0.0972294 0.0571824 0.0490192 0.076357 0.043796 0.0554129 0.0638089 0.0278532 0.0235437 0.0156418 0.049484 0.0148427 0.0637089 0.0224052 0.0563476 0.0364445 0.0166939 0.0167627 0.0259606 0.019348 0.0180521 0.0126117 0.0748382 0.0209315 0.0579298 0.0245663 0.00828641 0.0434655 0.0161781 0.0356746 0.0773478 0.227547 0.724777 0.056079 0.0763592 0.197765 0.0957152 1.61454 2.69149 0.484854 0.102874 0.974932 2.10941 0.119991 0.324128 1.67671 0.196193 0.312837 0.068536 0.403707 0.0922681 0.0269599 0.322762 0.0150533 0.0967374 0.384764 0.114141 0.214057 0.0643261 0.152755 0.023457 0.022074 0.0222794 0.0343639 0.00663623 0.0477299 0.00964572 0.0986075 0.0539016 0.0180101 0.0550124 0.0817671 0.0364787 0.0862489 0.029142 0.0242704 0.0274057 2.87446 0.0608651 0.0959382 0.044591 0.0760012 0.0164827 0.0383881 0.0439545 0.614129 0.245594 0.120146 0.0480023 0.0496488 0.423176 0.269006 0.232953 0.0459581 0.2003 0.0897147 0.0291354 0.148712 0.719396 0.37486 0.296188 0.243239 0.206245 0.146568 0.52288 0.14233 0.863336 0.170574 0.0910226 0.108836 0.041546 0.0927657 0.0500706 0.315114 0.889035 0.794542 0.980567 0.0503349 0.049759 0.0498309 0.872712 0.618331 0.0492917 0.371445 0.058909 0.144023 0.64048 0.106538 0.0419641 0.0170966 0.108188 0.152303 0.122309 0.0102881 0.0102966 0.246384 0.0113915 0.0818843 0.0571348 0.0499257 0.196438 0.0273005 0.0631536 0.305608 0.016499 0.0475694 0.216709 0.0897152 0.0221139 0.0874042 0.0648053 0.0331503 0.0416311 0.031213 0.0305986 0.0614077 0.0605782 0.145711 0.128744 0.206547 0.707893 0.524816 0.517895 0.362512 0.334133 0.310183 0.453011 0.156015 0.235432 0.149525 0.667017 0.329089 0.0598748 0.0561182 0.0600296 0.123005 0.0231397 0.128432 0.0673956 0.023751 0.023006 0.0706229 0.0186828 0.111974 0.0671687 0.100582 0.0531443 0.0348881 0.0384972 0.0466049 0.0355252 0.13936 0.0693358 0.0742723 0.0820359 0.0626011 0.0106766 0.0422499 0.0214676 0.0275463 0.0609317 0.0371202 0.0862087 0.0766165 0.0627233 0.0585082 0.0186887 0.0944984 0.00926357 0.0201353 0.0406155 0.0680654 0.0184861 0.150247 0.04535 0.0791147 0.0430055 0.0687778 0.0357244 0.0185777 0.0429127 0.1858 0.251718 0.0716319 0.0845682 0.0741434 0.076461 0.0625201 0.144908 0.0178954 0.029012 0.0213448 0.0395796 0.0106543 0.0393577 0.0140243 0.0216555 0.0851265 0.0266522 0.0695957 0.229944 0.019441 0.0676984 0.0598651 0.0572502 0.0200457 0.0126128 0.0157942 0.0186859 0.00944635 0.00967195 0.0191946 0.0404713 0.115642 0.0768122 0.0408308 0.0303721 0.0839217 0.131444 0.0816462 0.109478 0.0418013 0.0460528 0.0328658 0.0021097 0.0264929 0.0469375 0.0338983 0.0130104 
0.725783 0.215523 0.0104918 0.0466497 0.090083 0.32821 0.112549 0.0417156 0.00849435 0.00926227 0.0106053 0.0272393 0.0208095 0.0489487 0 0.0376679 0.0623281 0.0129695 0.0617408 0.0385708 0 0.0677413 0.0152634 0.0219756 0.00839328 0.010466 0.00424389 0.00623291 0.0173675 0.0149925 0.0041153 0.0320557 0.0906336 0.372657 0.104552 0.101141 0.123552 0.0774632 0.125826 0.0706932 0.0802777 0.0722055 0.0823563 0.0621273 0.139308 0.122405 0.0457483 0.0167147 0.0181159 0.0158544 0.00205761 0.0194472 0.0654609 0.0199478 0.0335957 0.0366099 0.00852323 0.0235512 0.0237043 0.117144 0.113315 0.00358423 0.0133214 0.016064 0.824406 0.0542469 0.0611668 0.070752 0.201063 0.165232 0.429441 0.729896 0.477715 0.100997 0.259129 0.303378 0.0484791 0.240549 0.491826 0.0709725 0.0461044 0.0388901 0.0646651 0.0334607 0.37497 0.338612 0.0237263 0.0269098 0.167694 0.389607 0.179299 0.466618 1.02932 0.16317 0.155983 0.176384 0.106839 0.0947206 0.190738 0.0953019 0.601856 0.201138 0.174617 0.0530124 0.104766 0.365569 1.35932 0.752683 0.0110649 0.0683912 0.00424217 0.045049 0.53823 0.508469 0.156364 0.124916 0.136631 0.131655 0.0237885 0.0195229 0.151203 0.112106 0.0135628 0.0843034 0.0371277 0.0469783 0.06879 0.0381227 0.33392 0.258249 0.0598 0.0521646 0.112819 0.140052 0.121216 0.0854795 0.27309 0.742516 0.0434592 0.179549 0.204908 0.080447 1.19277 0.161569 0.0744572 0.0875682 1.77015 0.540947 1.62819 1.24075 0.0651927 0.173247 0.205877 1.06139 0.249489 0.381239 0.274512 0.373707 0.412096 0.216898 0.0820908 0.492615 0.19674 0.258352 0.0479859 0.0985372 0.139525 0.0449096 0.299596 0.53331 0.592545 0.126024 0.214986 0.362437 0.51524 0.150875 0.0961088 0.0295705 0.314397 0.198314 0.231241 0.0718362 0.302025 0.158236 0.285747 0.147972 0.236699 0.0493476 0.247979 0.0436319 0.190435 0.144795 0.0209135 0.0614439 0.0671841 0.0236954 0.576269 0.702431 0.131441 0.145704 0.957683 0.524272 0.0771729 0.0749727 0.219312 0.134621 0.196915 0.034266 0.0312941 0.0128784 0.00212766 0.00206612 0.044724 0.0337768 0.0267245 0.0239432 0.198953 0.252417 0.146357 0.181995 0 0 0 0 0.430394 1.32638 1.15758 5.96377 0.0168174 0.0490629 2.17529 0.820354 0.294928 0.115255 0.0432773 0.0734769 0.0947415 2.68763 0.317506 1.75507 0.492369 0.0183994 0.201924 0.324715 0.853117 0.0107216 0.127749 0.0880311 0.0312097 0.0798503 0.240303 1.28922 0.0520662 0.191254 0.369358 0.191596 0.0312084 0.218922 0.0413025 0.0447436 0.129092 0.17483 0.342963 0.703568 0.0622198 0.0896333 0.151106 0.0793473 0.292214 0.499634 0.0969526 0.129358 0.138204 0.0634273 0.100658 0.0896611 0.144331 0.413833 0.112064 0.112835 0.0578018 0.0779747 0.0878364 0.031701 0.0757075 0.186904 0.0664174 0.135786 0.183254 0.0245049 0.169402 0.0491529 0.0457218 0.247815 0.432767 0.183905 0.0370274 0.0402348 0.0935872 0.0362106 0.0862231 0.0658849 0.076659 0.0199235 0.0532814 0.195916 0.13256 0.0652101 0.0997529 0.178438 0.135496 0.0711842 0.15447 0.0972301 0.0641713 0.02886 0.0361527 0.0764099 0.15767 0.131226 0.204785 0.116389 0.138875 0.0756219 0.0761106 0.0809084 0.0228421 0.0105588 0.0407629 0.0489122 0.0935899 0.0265685 0.0804967 0.0494606 0.031322 0.0847019 0.0678755 0.0623592 0.0906872 0.117777 0.0225728 0.0147289 0.0157928 0.0307929 0.0356694 0.0458728 0.0698315 0.140031 0.0113433 0.0207998 0.0201629 0.0104996 0.0171489 0.0181464 0.269397 0.0125065 0.0476002 0.0553221 0.0222935 0.0330715 0.10646 0.0471661 0.112477 0.02599 0.0296666 0.0243111 0.132809 0.0457264 0.0493564 0.425747 0.548366 0.127261 0.0261592 0.0372105 0.148819 0.0105859 0.0941737 0.239631 0.0899878 0.00516542 0.0400442 0.0600869 0.133264 0.0934676 0.0118235 0.0158774 0.0107164 0.00944554 0.0227181 0.0133561 0.0299018 0.0271911 0.0101797 0.00625005 0.00627208 0.00962741 0.0179354 0.0199744 0.0854499 0.207808 0.0783021 0.0928595 0.0322964 0.0796213 0.0409011 0.0478714 0.0823421 0.0316344 0.0693741 0.0450515 0.0649049 0.0580016 0.126265 0.259295 0.151443 0.0499603 0.0394378 0.0424121 0.0486619 0.015064 0.0441037 0.0418159 0.0185324 0.0427496 0.019813 0 0.00630712 0.0212411 0.0626556 0.030687 0.00833485 0.0108345 0.158651 0.124884 0.291689 0.0478372 0.17663 0.0403763 0.149999 0.117952 0.0356765 0.0358339 0.0083005 0.00631618 0.0463572 0.0878724 0.223215 0.160343 0.157067 0.704949 0.143164 0.104206 0.0333581 0.0230755 0.0420641 0.0158486 0.330468 0.43217 0.0313008 0.0770783 0.0763757 0.0400544 0.155269 0.542648 0.109876 0.0298998 0.165471 0.0810104 0.0212959 0.0460715 0.0247306 0.0601705 0.513598 0.293853 0.0988945 0.0281995 0.0354254 0.200109 0.0312558 0.123768 0.0641937 0.653811 0.107455 0.02656 0.0658938 0.176605 0.0148979 0.690374 0.0499642 0.0958493 0.0625005 0.0335316 0.0116318 0.0258472 0.008295 0.0173373 0.0648831 0.0743713 0.0151203 0.23341 0.601247 0.154839 0.128067 0.295806 0.00978152 0.0274358 0.0982713 0.0782245 0.116473 0.248949 0.0300784 0.978679 
0.0979206 0.0653395 0.143575 0.0795793 0.0993381 0.0311737 0.010666 0.0343641 0.274731 0.054406 0.0938892 0.0295808 0.147483 0.0554702 0.382257 0.254635 0.279381 0.318475 0.177085 0.0981239 0.0442196 0.0464921 0.118409 0.0571982 0.0437812 0.105462 0.0384007 0.0351648 0.0660934 0.0359479 0.0188258 0.0127655 0.0745682 0.0637225 0.0799321 0.0551782 0.0374758 0.0693811 0.0566153 0.0462958 0.0525317 0.0742806 0.0607639 0.0740705 0.0261552 0.0423227 0.0379755 0.0395413 0.033026 0.179442 0.0867167 0.0406292 0.969813 0.184037 0.0580015 0.0637889 0.0510545 0.0337615 0.162267 0.0618053 0.0499853 0.0219672 0.0297829 0.0417174 0.160331 0.174085 0.147153 0.0290514 0.229826 0.080683 0.0624534 0.0371683 0.173163 0.250169 0.00849019 0.26799 0.0929357 0.0836584 0.258763 0.05876 0.333712 0.105553 0.073888 0.117524 0.474904 0.187865 0.400862 0.23891 0.074536 0.0480695 0.106933 0.0484354 0.0536979 0.0358997 0.0740544 0.0597438 0.0775021 0.0295802 0.0460575 0.0450385 0.024564 0.0278159 0.0374028 0.0193626 0.0386276 0.0622578 0.030435 0.0116388 0.0188964 0.0799878 0.0242409 0.0298196 0.114918 0.0273433 0.044786 0.0105725 0.0659637 0.101751 0.0397131 0.017324 0.109978 0.14604 0.306621 0.293772 0.071141 0.123693 0.0138247 0.0252735 0.10867 0.0434557 0.28007 0.322067 0.407404 0.043942 0.0814809 0.293672 1.17317 0.560532 0.0383828 0.0790296 0.197175 0.0782818 0.659891 0.250023 0.0668679 0.0812588 0.162292 0.0804592 0.0371916 0.0170445 0.0406342 0.0582642 0.0684767 0.0654004 0.0216823 0.0272629 0.0106719 0.0132728 0.00615611 0.0084627 0.0374258 0.0360096 0.0230524 0.0427763 0.0525734 0.0298821 0.0804804 0.033656 0.0119018 0.0218818 0.0292212 0.0384776 0.023536 0.0444028 0.0229537 0.0220144 0.00746938 0.0396014 0.0838971 0.0719463 0.0393847 0.0156427 0.0429935 0.0227046 0.0509495 0.0566744 0.0296674 0.0709114 0.0105538 0.0041323 0.0237712 0.0288707 0.0810578 0.0427381 0.0273185 0.0168284 0.0802467 0.0780595 0.024322 0.284547 0.0318176 0.104585 0.0723037 0.0593966 0.0788775 0.0126434 0.0805793 0.0251953 0.0433227 0.0826104 0.0255736 0.0551216 0.121898 0.0594112 0.0740426 0.0561202 0.0276138 0.129582 0.0816448 0.0854692 0.0901958 0.114239 0.10174 0.161141 0.0224812 0.0435629 0.0823227 0.0819804 0.0487329 0.0332434 0.0124379 0.136454 0.0746275 0.154621 0.0850903 0.147259 0.144217 0.129966 0.0625619 0.429169 0.0430404 0.0256567 0.0214415 0.019075 0.105439 0.0874349 0.0700111 0.0377811 0.259593 0.0643051 0.0906519 0.0392301 0.0465897 0.0709491 0.0262961 0.0380751 0.27727 1.42572 1.17832 0.0715264 0.0307117 0.0205511 0.275444 0.0828952 0.185 0.0402871 0.075894 0.161884 0.144908 0.159241 0.693862 1.28076 0.179798 0.250758 0.670549 0.109912 0.400052 2.45976 0.253526 0.0666516 0.187822 0.183677 0.169296 0.270995 0.0487143 0.0344164 0.121621 0.0367977 0.0942828 0.0699148 0.124326 0.0994446 0.0595282 0.277975 0.139185 0.131256 0.039805 0.0283573 0.0125274 0.0124893 0.897974 1.15002 0.174504 0.119891 0.0779597 0.0622131 0.0857508 0.0981834 0.107825 0.0690919 0.0512634 0.0413566 0.13603 0.0696427 0.11671 0.124994 0.0372628 0.0312835 0.428615 0.240204 0.123548 0.146876 0.0721165 0.131634 0.0739978 0.0564763 0.0337351 0.0271064 0.058035 0.182785 0.204228 0.112309 0.0936246 0.0506469 0.158926 0.0583903 0.0171343 0.0355417 0.0533809 0.0105237 0.0906336 0.017636 0.00621555 0.0323508 0.0220394 0.0211602 0.0275057 0.0296807 0.0335653 0.0225197 0.0400022 0.0297082 0.378207 0.0653715 0.315467 0.0189093 0.0116273 0.062068 0.0599329 0.0316107 0.0697726 0.115008 0.228392 0.00414107 0.0218532 0.0783128 0.0417875 0.0398255 0 0.0232813 0.00837018 0.0157503 0.0177805 0.011588 0.0388932 0.00661606 0.0549363 0.129729 0.0892668 0.235054 0.112572 0.0820325 0.025265 0.0593282 0.262493 0.0432334 0.0211406 0.0163626 0.304668 0.0236263 0.279494 0.164706 4.59568 0.60704 1.10388 4.61248 1.39856 0.0646326 0.0129609 0.727009 1.31833 0.130654 0.445591 0.873737 1.77171 1.23648 1.06146 0.0923564 0.820334 0.106216 3.35049 0.086876 0.457828 1.83616 0.0298755 0.130509 0.0660124 0.154161 0.486054 0.350707 0.0756852 0.0617248 0.00954628 0.138603 0.116912 0.0565459 0.0307447 0.03545 0.0752554 0.036512 0.010723 0.0256 0.014723 0.0476339 0.0233799 0.00729986 0.0403952 0.0145081 0.0405824 0.0594449 0.14496 0.104382 0.0502213 0.0790171 0.0304202 0.0870492 0.0367517 0.0298383 0.0460573 0.274157 0.0265623 0.0261401 0.0655458 0.123966 0.0276078 0.140854 0.0720598 0.116192 0.236996 0.135554 0.241155 0.605902 0.114064 0.186847 1.02482 0.202196 0.418787 1.28232 0.0178767 0.0729383 0.10756 0.0461538 0.382077 0.183676 0.205671 0.0840648 0.0664159 0.0125847 0.0623435 0.126851 0.108104 0.0855214 0.975559 0.718834 0.14153 0.831714 0.184524 0.161629 0.0744515 0.0793171 0.217262 0.0529309 0.493038 0.805099 0.253572 0.73326 0.167887 0.103427 0.261801 0.36249 0.0528442 0.123703 0.00618986 0.0486213 0.100024 0.0388041 0.0369266 0.0384301 0.337564 0.0600484 1.11702 1.02855 
0.16632 0.0626055 0.141869 0.131112 0.0483189 0.0286856 0.0264563 0.075682 0.0562515 0.0702028 0.0442427 0.043982 0.191035 0.235247 0.514452 0.396346 0.0120957 0.0432573 0.0685342 0.0240537 0.0395785 0.0473847 0.230483 0.177964 0.0286379 0.0709495 0.090584 0.0148 0.0905426 0.123672 0.448703 0.0818468 0.258876 0.318407 0.436255 1.29493 0.0132936 0.00625136 0.155634 0.12105 0.284921 0.259717 0.202938 0.279743 0.0558965 0.0271521 0.215213 0.218187 0.0925548 0.0355846 0.022942 0.022865 0.00642608 0.0398795 0.0335623 0.0726684 0.150455 0.0542205 0.107581 0.185097 0.226075 0.137974 0.250345 0.303594 0.113088 0.0926571 0.0484907 0.0628911 0.183291 0.338229 0.204913 0.0508586 0.291389 0.123605 0.0789573 0.113685 0.0617985 0.163791 0.42754 0.152068 0.0601276 0.00416244 0.0158751 0.0220529 0.0709496 0.0400738 0.0148953 0.0123932 0.118414 0.0636632 0.0573751 0.0406542 0.0339402 0.0465647 0.039809 0.0189906 0.121084 0.0650099 0.214133 0.180186 1.02339 0.14267 0.438763 0.228345 1.84158 2.0664 0.068106 0.0792828 0.027643 0.0434056 0.71319 2.07629 0.280704 0.0878073 0.0919761 1.83608 0.167795 0.0508395 0.0998671 0.0947772 0.07752 0.196249 0.17414 0.030787 0.277555 4.86331 2.88812 1.36828 0.124086 0.302086 0.273978 0.249301 0.112936 0.0166107 0.120331 0.104098 0.0609415 0.0979405 0.212227 0.0585157 0.0650481 0.05368 0.189534 0.0487681 0.310711 0.060927 0.190117 0.0208974 0.432145 1.06036 0.116145 0.136618 0.780598 0.230633 0.473061 0.0804318 0.0279032 0.0256097 0.0272463 0.0106559 0.130166 0.0497154 0.0611135 0.0528661 0.112872 0.268595 0.119913 0.41321 0.202527 0.145434 0.0597214 0.0887374 0.079958 0.306381 0.0327062 0.102193 0.12752 0.102572 0.0562034 0.147175 0.0652235 0.17315 0.0666043 0.0994856 0.0435659 0.0465954 0.0555974 0.0712686 0.0983808 0.0877192 0.0645434 0.056284 0.0595645 0.0518826 0.0262899 0.0266407 0.0401401 0.0333998 0.0520206 0.142762 0.0994226 0.0956001 0.071422 0.125937 0.179986 0.0547889 0.165634 0.0430602 0.0403631 0.0303756 0.0375117 0.0524025 0.0268445 0.0161211 0.0275446 0.0369993 0.14207 0.120847 0.174102 0.219725 0.147685 4.00475 0.0839589 0.154008 0.136676 0.23404 0.19303 0.0306081 0.0228465 0.045744 0.0387549 0.0379021 0.267163 1.36026 0.0423411 0.0307664 0.919166 0.62836 0.401067 0.125605 0.294381 0.188568 0.141713 0.161912 0.130597 0.225296 0.122814 0.0124401 0.0503321 0.215548 0.0960917 0.101633 0.143254 0.341036 0.137171 0.0727867 0.0922646 0.103683 0.0805879 0.0838613 0.0155821 0.0063015 0.261585 0.0593515 0.0430309 0.063886 0.0405573 0.0757544 0.00206612 0.0230757 0.0149053 0.0063535 0.0104046 0.0238888 0.00621981 0.00530026 0.0531597 0.015104 0.0361046 0.010977 0.663923 0.303099 0.0147143 0.0258019 0.337848 0.481723 0.429223 0.212394 0.0522574 0.0808215 0.169221 0.131556 0.0208921 0.0665721 0.0588945 0.0348599 0.499467 0.248977 0.0931041 0.117288 0.0819422 0.0350089 0.48131 0.056113 0.0680034 0.0340043 0.0300627 0.0506872 0.0201162 0.233958 0.0229859 0.0358959 0.197821 0.105727 0.0414598 0.0245617 0.0706835 0.107179 0.0275435 0.086795 0.183466 0.0459953 0.0305919 0.0367625 0.0210928 0.0626813 0.0177433 0.0165291 0.0490476 0.0138703 0.00837391 0.00916216 0.103722 0.0693721 0.0405388 0.0470974 0.0271714 0.0135544 0.023131 0.0242742 0.0147036 0.0318126 0.0424313 0.0263947 0.0096962 0.00739642 0.0258114 0.0207272 0.0164611 0.00637016 0.0335395 0.0264207 0.0611016 0.0896345 0.0820922 0.0356246 0.0466707 0.0524996 0.0278354 0.0158263 0.0398055 0.1371 0.0299098 0.0203198 0.0532676 0.0494703 0.014605 0.0479166 4.52848 0.777232 0.11283 0.091859 0.165255 0.114859 0.0708373 0.0642786 0.0836271 0.0695665 0.696928 0.89015 0.110469 0.351138 0.114078 0.0329895 0.0535818 0.0788255 0.0273268 0.0436764 0.0105962 0.00950737 0.0803269 0.0610162 0.0160691 0.0460134 0.0302246 0.0520778 0.0190232 0.0372844 0.00412371 0.0282732 0.107166 0.0293313 0.0126258 0.00727715 0.0201711 0.0115494 0.00411551 0.0146911 0.0165608 0.002079 0.00536391 0 0.0106571 0.249114 0.00968075 0.0126859 0.0423299 1.11453 1.35519 0.774831 0.471775 3.03323 0.921573 0.0267486 0.0398849 0.0328173 0.0311643 0.348715 0.294433 0.287501 0.0275089 0.962956 0.0625629 0.0238902 0.0396407 0.00856178 0.057201 0.0500081 0.155267 0.0614668 0.267401 0.224202 0.0332435 0.0270425 0.0289062 0.0407473 0.120731 0.0595793 0.0148177 0.0106883 0.0150476 0.012607 0.0207255 0.0800091 0.0611959 0 0.0346474 0.0300709 0.0389536 0.0218652 0.0465226 0.00653292 0.0178314 0.0308016 0.0123156 0.0105815 0.0365179 0.0114186 0.0114583 0.0340563 0.0362066 0.0165958 0.0253045 0.0133329 0.012599 0.037089 0.0216165 0.0285063 0.00531525 0.0312147 0.0300542 0.0545047 0.0337508 0.0387648 0.352392 0.0776651 0.773275 0.0862892 0.230618 0.0739521 0.2469 0.13225 0.132912 0.511654 0.286141 0.0936371 0.0724072 0.0567354 0.259391 0.165441 0.0594922 0.0116463 0.0369914 0.00420235 0.305193 0.107849 0.203349 0.0341891 0.121925 0.146455 0.113322 0.0562963 
0.249489 0.0442554 1.02337 0.617459 0.405482 0.685048 1.0606 0.486756 0.0355888 0.0136922 1.19834 0.0293156 0.042914 0.521726 0.471625 0.125621 0.0771938 0.617444 0.0174388 0.0410053 0.0430369 0.0334695 0.0286483 0.065939 0.240855 0.0752028 0.0912244 0.0387348 0.0632718 0.0329108 0.0493193 0.106669 3.67615 0.636789 1.36073 0.540806 0.223635 0.019747 0.317184 0.0793461 0.0335634 0.286267 0.15205 0.19665 0.0290689 0.0884927 0.515536 0.122653 0.0550074 0.045223 0.0862369 0.0462217 0.103876 0.0422904 0.0520855 0.0462011 0.0906167 0.0599919 0.0622103 0.0714931 0.139003 0.0669234 0.0509063 0.0417109 0.0379665 0.0972255 0.049819 0.116801 0.107204 0.0760306 0.0231396 0 0.363307 0.141932 0.541601 0.256233 0.660163 0.38181 0.447947 0.239508 0.0914003 0.111097 0.0179804 0.0708143 0.0855271 0.0694682 0.256624 0.14938 0.119883 0.0423853 0.015496 0.153938 0.043955 0.0697768 0.0504838 0.0792112 0.093935 0.0943984 0.112955 0.0983597 0.14147 0.0210366 0.207368 0.111909 0.01497 0.0514612 0.0664984 0.0374767 0.155539 0.129624 0.130285 0.116833 0.334614 0.117964 0.189871 0.0654731 0.0415899 0.143439 0.034619 0.0774544 0.00826073 0.020418 0.0439825 0.0313172 0.0440335 0.0492847 0.0231821 0.013015 0.0284876 0.0438239 0.0291637 0.0134542 0.0104854 0.0365319 0.165894 0.086458 0.028776 0.0336151 0.0327144 0.0347993 0.0160778 0.0345783 0.0659791 0.0288842 0.0610082 0.0281299 0.0500943 0.0427999 0.0273817 0.0353805 0.0284858 0.0886771 0.0177304 0.0212884 0.0123416 0.0176099 0.0501704 0.0165506 0.0259406 0.02753 0.0343189 0.0347476 0.0127175 0.0262024 0.021847 0.0751775 0.0627129 0.0244062 0.0254811 0.0227038 0.0187851 0.0565797 0.182153 0.155281 0.0224302 0.0425821 0.0857295 0.0656915 0.0257543 0.0392152 0.018202 0.0293706 0.003003 0.0231028 0.0147266 0.0254109 0.0262428 0.0437458 0.300828 0.170345 0.0396277 0.0790758 0.123458 0.0736439 0.330227 0.176118 0.0203064 0.0127958 0.00563198 0.0687507 0.0271683 0.0675831 0.0672336 0.0586026 0.027494 0.0458934 0.233689 0.0763055 0.412493 0.199969 0.350594 0.165141 0.250861 0.23524 0.111372 0.225383 0.110349 0.0690915 0.0239896 0.0324166 0.0940275 0.0157065 0.0374536 0.0338879 0.0565628 0.135102 0.154727 0.165189 9.03266 0.189442 0.717029 0.744973 0.548125 0.0743779 1.07798 0.0432199 0.702577 0.336394 0.0333801 0.0403842 0.434934 0.0339061 0.0613501 0.0287676 0.0398266 0.0682408 0.395473 0.0576182 0.051335 0.0271165 0.488153 0.236492 0.0338475 0.0680121 0.0652246 0.129224 0.524742 0.11878 0.137708 0.986109 0.0826934 0.0440693 0.128836 0.114582 0.302875 0.0941067 0.219137 0.066082 0.0456387 0.0659896 0.0115789 0.17909 0.0640872 0.0351069 0.036805 0.0311554 0.0464033 0.0308009 0.0436164 0.0761042 0.591374 0.108053 0.268468 0.0752205 0.122812 0.0818662 1.73625 2.80345 0.0293519 0.0997026 0.0493494 0.133065 0.188231 0.588874 0.0337762 0.0536917 0.0509948 0.0345524 0.0219199 0.0420419 0.0298352 0.0565045 0.0412081 0.0273298 1.00318 0.31145 0.058275 0.0429271 0.114288 0.0372125 0.820253 0.876636 0.159328 0.268956 0.0394267 0.138446 0.0281467 0.0188175 0.0215359 0.0256927 0.143246 0.0953342 0.158431 0.106486 0.0755441 0.0507526 0.123884 0.0687041 0.0539613 0.0581494 0.097532 0.0830981 0.0242038 0.0176786 0.0862518 0.144644 0.0200969 0.171386 0.160261 0.0244197 1.00261 0.770676 0.105951 0.11583 0.0675442 0.0554154 0.0606988 0.0304097 0.153198 0.0835916 0.0221319 0.122672 0.286532 0.251006 0.0624331 0.0705343 0.264442 0.137854 0.337349 0.205733 0.0821161 0.0599978 0.0843931 0.0459249 0.118641 0.153306 0.0633915 0.0689057 0.024603 0.0218897 0.131059 0.135517 0.0246647 0.0203715 0.0134951 0.0193702 0.0264726 0.104362 0.0415505 0.0596489 0.0853445 0.21852 0.0892283 0.120805 0.00875823 0.00720042 0.0195488 0.00945116 0.0316682 0.0158373 0.0146195 0.00431255 0.0992083 0.0665041 0.115616 0.102097 0.0819731 0.188655 0.107796 0.0613874 0.012536 0.0419254 0.0353472 0.00619836 0.0124312 0.00955706 0.0174113 0.0209191 0.0518504 0.0806815 0.0564152 0.0423249 0.0292048 0.0158053 0.0909068 0.0955283 0.0357308 0.0605873 0.027525 0.076896 0.0894137 0.0671519 0.142528 0.0397169 0.0113055 0.014485 0.00639584 0.0147823 0.0137481 0.0229885 0.0105314 0.00415808 0.167214 0.117987 0.0189361 0.0283866 0.0468082 0.0324386 0.0501161 0.07081 0.0965554 0.0367407 0.0630941 0.0639038 0.0732013 0.0333325 0.0523369 0.0135844 0.139174 0.190503 0.422693 0.256063 0.0846109 0.194105 0.132115 0.126375 0.0923992 0.0500051 0.0448022 0.0395015 0.0395404 0.0655766 0.0479231 0.0966293 0.0169001 0.0238482 0.028831 0.00416237 0.0588581 0.0206509 0.0196106 0.0248835 0.180086 0.185026 0.111081 0.0575809 0.0814942 0.0221566 0.0659047 0.117846 0.388141 0.406239 0.145602 0.176155 0.0739082 0.059784 0.0457913 0.108377 0.070395 0.329489 0.0952821 0.993385 0.0230311 0.0145662 0.020013 0.00630491 0.056073 0.32289 1.22427 3.7486 0.566813 5.04455 0.455458 0.200536 0.0186775 0.0503203 0.0536373 0.067745 0.135247 0.174538 0.321393 0.0353113 
0.0246159 0.0912237 0.221297 0.286272 0.260462 0.260982 5.36506 0.701833 0.749329 0.252147 0.164699 0.11618 0.0917927 1.08839 0.192979 0.531111 1.12982 1.50806 0.801284 0.0903275 0.0921223 0.178386 0.478419 0.161175 0.0238182 0.0577065 0.113537 0.132517 0.16548 4.39923 1.47278 0.372016 0.03112 0.249056 0.166085 0.0397976 0.272336 0.0941051 0.0107786 0.116582 0.0394757 0.0237897 0.0870375 0.0789092 0.148804 0.149963 0.0698071 0.029192 0.149229 0.190372 0.541977 0.351903 0.172956 0.150378 0.0710991 0.0823833 0.18223 0.275237 0.830545 0.388105 0.100368 0.308325 0.0683279 0.0663865 0.251486 0.049414 0.0263288 0.0908451 0.087077 0.0310679 0.0105983 0.294818 0.0645102 0.0803969 0.117055 0.0212494 0.195176 0.0304512 0.0714802 0.11103 0.162684 0.307575 0.196273 0.531616 0.144723 0.0354716 0.0532779 0.131636 0.0596639 0.126089 0.113631 0.102584 0.306322 0.428269 0.138189 0.217461 0.0343871 0.205451 0.0362373 0.035786 0.0367619 0.00419739 0.0427442 0.012739 0.0622392 0.3384 0.0951179 0.0773716 0.293419 0.168294 0.159999 0.0903251 0.0499855 0.13045 0.441289 0.282313 0.0895579 0.201498 0.154291 0.0903412 0.0672036 0.0602404 0.042544 0.0155705 0.0530714 0.254284 0.0126904 0.106515 0.0370753 0.4592 0.0209572 0.102484 0.923596 0.0409263 0.0123541 0.106518 0.0414274 0.034614 0.0220904 0.0250551 0.0317394 1.02941 0.370328 0.0106966 0.0402567 0.0726276 0.110558 0.0416312 0.263982 0.152201 0.302778 0.124888 0.0208237 0.0252325 0.00411947 0.032606 0.0242974 0.0211131 0.00619046 0.0188419 0.0821466 0.155284 0.00820957 0.0411164 0.00430987 0.0747166 0.374653 0.131602 0.0413819 0.083825 0.0673846 0.0538957 0.0602176 0.749369 0.277758 0.068614 0.0234114 0.10394 0.132049 0.117999 0.0281531 0.00968227 0.0180786 0.0211055 0.0780487 0.0526466 0.047441 0.0292182 0.163291 0.0441579 0.0533098 0.122692 0.0436268 0.210097 0.0198663 0.0141564 0.139498 0.228932 0.0235869 0.0968527 0.094269 0.132749 0.0426357 0.0427739 0.192349 0.235864 0.463174 0.425558 0.0363292 0.0306378 0.0181433 0.0320975 0.0515651 0.00775155 0.0021692 0.0316168 0.0630738 0.0510026 0.170474 0.0106098 0.166458 0.0898427 0.0904722 0.0540281 0.0180619 0.0108686 0.0275958 0.0254092 0.0390723 0.00635745 0.0368627 0.0226489 0.00894121 0.0423003 0.0416758 0.0322185 0.344841 0.2047 0.019974 0.0103922 0.18094 0.00212766 0.390831 0.198634 0.012119 0.0650861 0.0151046 0.0140418 0.200263 0.207303 0.0456419 0.0106848 0.0249448 0.0444736 0.0162292 0.0158714 0.00945728 0.124996 0.0941726 0.0668684 0.0320798 0.0146011 0.0288854 0.034426 0.0558543 0.0207708 0.0448442 0.0227695 0.038989 0.0759475 0.0911047 0.0701842 0.215354 0.0192839 0.0322612 0.022638 0.410051 0.123012 0.100743 0.0958118 0.0293936 0.0788198 0.0493074 0.0162939 0.312068 0.0677375 0.232126 0.103135 0.00619835 0.0187768 0.0152978 0.0202911 0.12123 0.0230263 0.105306 0.0728233 0.044366 0.0746326 0.147353 0.028191 0.0404213 0.0136837 0.0622482 0.00838913 0.0837849 0.093031 0.124885 0.0528667 0.045681 0.0296638 0.0482328 0.0884913 0.0798433 0.0468753 0.0608464 0.111457 0.0181326 0.134155 0.0690284 0.0700156 0.221675 0.131507 1.14666 0.8001 0.256759 0.174307 0.0981263 0.136693 0.0329373 0.0344411 0.0360079 0.0309316 0.0638537 0.0916302 0.0379356 0.0061859 0.332082 0.146991 0.138371 0.146898 0.0593724 0.0703541 0.0664938 0.0909267 0.296282 0.1365 0.322238 0.222271 0.181078 0.613244 0.118751 0.143722 2.9961 5.93882 0.488465 0.634667 2.43291 0.0673863 0.024904 0.141349 2.57674 0.0888687 0.968264 1.04804 0.660621 0.0720748 0.0190226 0.652519 0.0200537 0.139795 0.312105 0.0252644 0.0725621 0.078612 0.441136 0.0416404 0.0267235 0.00726464 0.0580483 0.0288022 0.0379033 0.0500195 0.0285784 0.0135007 0.272956 0.145776 0.628305 0.235149 0.0776283 0.0343364 0.218975 0.0255346 0.0272867 0.0041453 0.389562 0.179342 0.0544414 0.00630949 0.155792 0.0357779 0.225624 0.266566 0.0312951 0.0262847 0.0680695 0.0256822 0.0287981 0.0271739 0.0302812 0.0211824 0.0187385 0.0232157 0.0298979 0.0256631 0.257733 0.142943 0.0347888 0.0240993 0.00624713 0.0216526 0.0092785 0.0190999 0.0129464 0.00856945 0.0327906 0.0135616 0 0.0440827 0.0330988 0.0555748 0.12027 0.149906 0.0700115 0.0386676 0.0955767 0.0477079 0.129356 0.0821099 0.0857778 0.0481813 0.0532167 0.0274117 0.0337924 0.012794 0.0197625 0.0188929 0.0387761 0.00432064 0.0722611 0.0367885 0.0332375 0.012668 0.0201897 0.039976 0.308902 0.117375 0.0135629 0.00661421 0.00205761 0.0296594 0.0187099 0.0601497 0.0147558 0.0206242 0.131657 0.0634934 0.569854 0.0390881 0.172542 0.170661 0.0974476 0.160211 0.417859 0.862256 0.20222 0.0681023 0.171846 0.11667 0.851599 0.163843 0.239802 0.146595 0.056838 0.0388165 0.0524681 0.0390887 0.274707 0.18166 0.0689988 0.111839 0.161212 0.0250883 0.00206612 0.0185138 0.0574231 0.0223257 0.0458018 0.0922597 0.0716815 0.00921851 0.0896322 0.153394 0.0147363 0.0193152 0.0559597 0.0493055 0.152063 0.075467 0.122918 0.0500363 0.0359984 0.0495168 
0.0876545 0.107912 0.118192 0.235226 0.109683 0.547883 0.176565 0.186575 0.0675189 0.0532085 0.0568502 0.183871 0.0512264 0.0638324 0.0252244 0.0646334 0.196679 0.0278915 0.0902957 0.202223 0.0251539 0.209535 0.129304 0.205137 0.841524 0.683887 0.321011 0.0631211 0.240886 0.018468 0.416169 0.322019 0.022048 0.0146019 0.885937 0.357706 2.00591 0.785474 0.0320713 0.294087 0.210404 0.344397 0.104567 0.0718501 0.275385 0.146649 0.0617994 0.212964 0.135659 0.0721103 0.0653094 0.0739674 0.477371 9.04935 0.144223 0.0182469 0.481961 0.17967 0.106672 0.139896 0.138718 0.138678 0.827451 0.310887 0.448773 0.624256 0.16477 0.371238 0.0512459 0.0563556 0.0894735 0.0615325 0.106058 0.237689 0.0956289 0.455193 0.0729542 0.149064 0.0426573 0.0525549 1.0441 0.334388 0.187636 0.145524 0.219841 0.169535 0 0.111484 1.07722 0.194575 0.302305 0.0230264 0.250539 0.0291272 0.760268 0.199701 0.064912 0.28673 0.183948 0.103191 0.629366 0.166615 0.299064 1.34078 0.542403 0.261157 0.0846621 0.219457 0.044774 0.0577602 0.0436036 0.0536248 0.21238 0.562196 0.453025 1.3126 0.239599 0.258768 0.248544 1.11672 0.501926 0.391576 0.00207469 0.467382 0.73195 0.0320779 0.0801787 0.0364412 0.139041 0.145246 0.0441039 0.039809 0.132474 0.0884575 0.022123 0.0124271 0.0852659 0.0217108 0.061411 0.0274085 0.0201157 0.0354334 0.0511136 0 0.140325 0.308675 0.143818 0.204692 0.0928668 0.106479 0.124352 0.220576 0.0381927 0.0571012 0.116306 0.0422019 0.0675601 0.0125242 0.0587234 0.0251187 0.123236 0.128866 0.601795 0.232446 0.0609607 0.0570869 0.0420903 0.102395 0.0875831 0.0194272 0.0752743 0.0595045 0.0367004 0.0995611 0.598968 0.190206 0.559404 0.126171 0.115647 0.269179 0.245707 0.173925 0.0688248 0.0740998 0.0043342 0.0888351 0.0648304 0.0280436 0.0169032 0.0422902 0.0212471 0.101379 0.0869525 0.036345 0.011393 0.0219681 0.0590544 0.0836313 0.0280585 0.0765537 0.0838022 0.186663 0.0676096 0.129983 0.0649461 0.0699148 0.030857 0.016424 0.0961275 0.123525 0.0786384 0.043265 0.0428854 0.0155335 0.0546128 0.0467589 0.114506 0.0420431 0.0284008 0.0254767 0.0405882 0.0368848 0.0429415 0.0114279 0.0189837 0.0789786 0.031383 0.0124756 0.0428713 0.0587067 0.0479844 0.0316355 0.0337457 0.0251381 0.0241196 0.036767 0.00959865 0.0781396 0.00959496 0.0190904 0.0412749 0.0940676 0.0369124 0.0145938 0.0202025 0.00616453 0.0760768 0.0231958 0.112139 0.0749276 0.088809 0.126298 0.0376813 0.02381 0.0449447 0.041143 0.077511 0.0323569 0.0327799 0.0230035 0.0824994 0.0476859 0.22194 0.524002 0.0321103 0.0486147 0.046674 0.00412801 0.0499598 0.0470732 0.0313165 0.116444 0.0585292 0.0690883 0.12902 0.0742144 0.0487414 0.0166159 0.0344326 0.0696435 0.0459835 0.162324 0.0930801 0.0124625 0.00857371 0.0230007 0.0466552 0.0216879 0.51591 0.123216 0.134004 0.0294973 0.337452 0.0573811 0.0941932 0.00647188 0.0736873 0.352468 0.13294 0.0340474 0.140915 0.0928695 0.0299667 0.0442618 0.0381158 0.0197197 0.0436471 0.0422283 0.00413225 0.0343156 0.00824744 0.0166402 0.32971 0.154977 0.2625 0.0820935 0.0262524 0.0178616 0.00209205 0.0197439 0.324305 0.132277 0.063853 0.174814 0.095154 0.0983376 0.0642199 0.0400541 0.0211413 0.1209 0.0274463 0.0997668 0.162825 0.255703 0.129198 0.022665 0.0827329 0.0387015 0.101768 0.0367665 0.0213424 0.0167851 0.0401954 0.0617103 0.176707 0.0182697 0.0706839 0.0603089 0.02232 0.0202177 0.0104807 0.047709 0.0728173 0.0432862 0.0356775 0.0837272 0.101765 0.0188135 0.203653 0.179501 0.0621698 0.0276727 0.278582 0.105142 0.264655 0.0528174 0.0378903 0.107114 0.103854 0.0221433 0.023872 0.0188879 0.0497089 0.0688581 0.125556 0.0101261 0.0220452 0.0291928 0.0266907 0.0296108 0.00652097 0.0233965 0.106935 0.0252708 0.102225 0.141414 0.104233 0.108766 0.170906 0.0349483 0.00941906 0.0461025 1.02299 0.129801 0.719553 0.387053 0.413286 0.825349 0.669087 0.620856 0.108403 0.644472 0.301598 0.450189 0.311154 0.76892 0.142518 0.0241606 0.483199 0.0684062 0.736573 0.370981 0.085306 0.0701937 0.238043 0.454439 0.52448 0.17442 0.261284 0.572528 0.113344 0.0131137 0.0691623 0.0508712 0.196088 0.0275506 0.135465 0.0272321 0.197386 0.252564 0.30037 0.138075 0.1416 0.0675238 0.109421 0.137712 0.277856 0.253904 0.152392 0.684763 0.122683 0.148029 0.0169158 0.0294836 0.498851 0.453464 0.0453494 0.0675033 0.13463 0.0767421 0.141091 0.0960606 0.0485154 0.0948286 0.160535 0.043022 0.194151 0.531871 0.0385983 0.088566 0.0838073 0.0206829 0.129705 0.176645 0.0199856 0.0129255 0.0354252 0.00203666 0.165648 0.756539 0.13433 0.0869893 0.113272 0.0262315 0.0588308 0.0814841 0.0603251 0.0643318 0.0582507 0.102641 0.416333 0.171923 0.0354777 0.183895 0.45066 1.62085 0.293105 0.162011 0.038302 0.0292821 0.0859664 0.0442064 0.607017 0.350707 0.522618 0.104905 0.0337247 0.114798 0.779631 0.24802 0.0105464 0.0150734 0.0439007 0.00650481 0.473723 0.137131 0.0376802 0.252485 0.0825379 0.0302944 0.0467285 0.0489382 
