no: 0
     1.000000      0.000000      0.000000      0.000000 
     0.000000      1.000000      0.000000      0.000000 
     0.000000      0.000000      1.000000      0.000000 

no: 7
     0.997413     -0.015515      0.070184     30.288838 
     0.017782      0.999336     -0.031790    -47.699395 
    -0.069644      0.032956      0.997027    103.662949 

no: 9
     0.988334     -0.028438     -0.149623     46.075605 
    -0.109663      0.548848     -0.828698    102.261858 
     0.105687      0.835438      0.539327   -133.257472 

no: 10
     0.988748     -0.041211      0.143799     50.566693 
     0.041972      0.999116     -0.002267    -59.029813 
    -0.143579      0.008277      0.989604    146.352677 

no: 11
     0.991218     -0.035285      0.127443     48.787288 
     0.041610      0.998013     -0.047309    -62.028380 
    -0.125520      0.052197      0.990717    132.470659 

no: 13
     0.990778     -0.052576      0.124880     58.064477 
     0.057325      0.997751     -0.034740    -70.962987 
    -0.122772      0.041578      0.991563    140.337900 

no: 14
     0.987503     -0.063883      0.144073     63.507523 
     0.070594      0.996622     -0.041956    -72.669080 
    -0.140906      0.051603      0.988677    135.006577 

no: 17
     0.986859     -0.083568      0.138293     81.235030 
     0.091296      0.994542     -0.050501    -90.570110 
    -0.133318      0.062463      0.989103    145.799134 

no: 20
     0.974934     -0.117005      0.189245    109.536934 
     0.135958      0.986578     -0.090440   -103.893064 
    -0.176123      0.113902      0.977756    134.780823 

no: 23
     0.969553     -0.112034      0.217751    116.210561 
     0.154445      0.969813     -0.188705   -100.179663 
    -0.190036      0.216590      0.957588     91.591800 

no: 26
     0.978011     -0.101757      0.182045    110.560400 
     0.144781      0.959550     -0.241460    -83.046605 
    -0.150111      0.262508      0.953182     37.062924 

no: 29
     0.983393     -0.089606      0.157825    104.658131 
     0.136497      0.938288     -0.317779    -69.164266 
    -0.119611      0.334044      0.934937     -9.282257 

no: 32
     0.992133     -0.072264      0.102223     97.524231 
     0.108629      0.902811     -0.416092    -41.298812 
    -0.062219      0.423923      0.903558    -66.844981 

no: 37
     0.993039     -0.060468      0.101077     89.013927 
     0.097366      0.904338     -0.415563    -24.345743 
    -0.066280      0.422512      0.903931    -84.386080 

no: 39
     0.991382     -0.052205      0.120150     82.856533 
     0.099359      0.897386     -0.429914    -21.190376 
    -0.085377      0.438147      0.894839    -84.112767 

no: 45
     0.990962     -0.047788      0.125346     79.007145 
     0.094643      0.911259     -0.400812    -26.235668 
    -0.095068      0.409052      0.907545    -67.264139 

no: 47
     0.988412     -0.037599      0.147063     79.665590 
     0.105048      0.868791     -0.483909    -15.707858 
    -0.109572      0.493750      0.862673    -87.306609 

no: 48
     0.977900     -0.054594      0.201817     93.228049 
     0.134664      0.902875     -0.408269    -39.796581 
    -0.159926      0.426424      0.890273    -45.851508 

no: 49
     0.972287     -0.066365      0.224173    101.142055 
     0.144242      0.924895     -0.351801    -49.927298 
    -0.183989      0.374386      0.908836    -23.600396 

no: 50
     0.979660     -0.071061      0.187663    106.648324 
     0.135600      0.923796     -0.358070    -50.792500 
    -0.147917      0.376233      0.914641    -28.840606 

no: 51
     0.988767     -0.054919      0.139012    103.220117 
     0.114576      0.875747     -0.468978    -35.374316 
    -0.095983      0.479637      0.872201    -63.010209 

no: 53
     0.985408     -0.058366      0.159889    114.873097 
     0.125893      0.882126     -0.453877    -35.404854 
    -0.114551      0.467383      0.876602    -61.709463 

no: 54
     0.962873     -0.085430      0.256079    132.149459 
     0.176423      0.917138     -0.357397    -55.675347 
    -0.204328      0.389306      0.898160    -23.235340 

no: 60
     0.983376     -0.069825      0.167619    183.009331 
     0.147200      0.847046     -0.510731    -45.482062 
    -0.106319      0.526914      0.843243    -23.988511 

no: 62
     0.969685     -0.086902      0.228383    199.468983 
     0.182328      0.879564     -0.439459    -67.089439 
    -0.162687      0.467778      0.868744     20.594148 

no: 74
     0.984840     -0.050536      0.165942    159.355435 
     0.122376      0.880403     -0.458165    -40.104406 
    -0.122942      0.471526      0.873240      2.524219 

no: 78
     0.967489     -0.039836      0.249755    128.017623 
     0.157145      0.868444     -0.470225    -30.938713 
    -0.198166      0.494185      0.846470    -14.093838 

no: 82
     0.998129      0.014330      0.059436     61.926897 
     0.016577      0.872296     -0.488697     19.613795 
    -0.058849      0.488768      0.870427    -70.659105 

no: 84
     0.999354      0.020305      0.029652     50.483860 
    -0.001166      0.842978     -0.537946     39.980364 
    -0.035919      0.537564      0.842458   -105.534416 

no: 85
     0.997065      0.018720      0.074230     48.017123 
     0.019331      0.876654     -0.480732     23.745537 
    -0.074074      0.480756      0.873720    -78.285242 

no: 87
     0.997608      0.034355      0.059992     37.628356 
     0.004263      0.835555     -0.549390     41.369324 
    -0.069001      0.548331      0.833410   -100.052440 

no: 89
     0.984781      0.010695      0.173472     41.027144 
     0.046107      0.946265     -0.320088      7.618448 
    -0.167574      0.323214      0.931371    -31.974858 

no: 90
     0.987845      0.022802      0.153759     37.009494 
     0.043438      0.909280     -0.413911     13.741400 
    -0.149248      0.415559      0.897238    -53.177407 

no: 92
     0.992270      0.018854      0.122661     40.030157 
     0.032236      0.915309     -0.401460     12.984051 
    -0.119842      0.402311      0.907625    -56.735076 

no: 94
     0.983048      0.002351      0.183332     60.655633 
     0.065875      0.928618     -0.365143     -1.029388 
    -0.171104      0.371031      0.912721    -30.898401 

no: 96
     0.994075      0.018845      0.107049     72.367524 
     0.049407      0.798892     -0.599441     34.311684 
    -0.096817      0.601179      0.793228   -106.768106 

no: 101
     0.983917     -0.039637      0.174172    159.015826 
     0.114534      0.888239     -0.444876    -35.890312 
    -0.137073      0.457669      0.878493      8.423070 

no: 103
     0.975191     -0.060715      0.212877    175.671361 
     0.136183      0.922689     -0.360693    -53.105873 
    -0.174519      0.380734      0.908066     44.331711 

no: 109
     0.963868     -0.065400      0.258226    174.012149 
     0.155856      0.924604     -0.347585    -49.239536 
    -0.216025      0.375272      0.901390     43.485095 

no: 110
     0.940194     -0.083929      0.330139    163.014815 
     0.167538      0.957782     -0.233635    -60.705378 
    -0.296592      0.274973      0.914562     47.827790 

no: 116
     0.989314     -0.046756      0.138099     28.828979 
     0.110642      0.857615     -0.502250     50.138863 
    -0.094953      0.512163      0.853624   -365.123400 

no: 121
     0.987003     -0.068941      0.145162     20.400112 
     0.133987      0.851773     -0.506489    172.314369 
    -0.088727      0.519356      0.849939   -431.698578 

no: 122
     0.987938     -0.066307      0.139932     23.574237 
     0.127000      0.863984     -0.487239    167.284560 
    -0.088592      0.499134      0.861984   -413.114038 

no: 125
     0.977937     -0.065582      0.198337     48.383018 
     0.138836      0.913461     -0.382509    135.757828 
    -0.156088      0.401606      0.902413   -323.234110 

no: 130
     0.983110     -0.044651      0.177483     56.788930 
     0.120412      0.888125     -0.443549    127.809441 
    -0.137822      0.457428      0.878501   -296.459108 

no: 131
     0.978475     -0.051678      0.199788     64.329112 
     0.128966      0.908924     -0.396515    114.180780 
    -0.161101      0.413746      0.896025   -267.417572 

no: 134
     0.974360     -0.054109      0.218393     73.601310 
     0.133611      0.920120     -0.368139     98.622330 
    -0.181028      0.387880      0.903758   -235.902164 

no: 140
     0.979636     -0.064983      0.189977     80.630209 
     0.129717      0.927045     -0.351797     94.500368 
    -0.153256      0.369277      0.916596   -225.481599 

no: 142
     0.974803     -0.068444      0.212306     82.030262 
     0.140640      0.927338     -0.346792     92.919127 
    -0.173144      0.367913      0.913598   -222.442855 

no: 143
     0.972119     -0.069590      0.223925     82.098533 
     0.144566      0.929736     -0.338662     91.196491 
    -0.184624      0.361592      0.913874   -217.346500 

