500
77.0866 71.7593 0 2
137.129 117.838 0 1
111.702 118.101 0 1
144.744 101.076 0 1
63.9599 51.4077 0 2
128.015 139.391 0 1
154.278 143.608 0 1
194.909 159.421 0 1
68.3878 28.9455 0 2
117.013 87.8518 0 1
176.183 165.202 0 1
165.598 118.571 0 1
217.179 160.731 0 1
178.942 153.353 0 1
199.097 181.195 0 1
99.0359 51.466 0 2
65.9574 139.393 0 1
95.233 189.236 0 1
49.0274 148.205 0 1
119.044 41.4203 0 2
47.2374 73.895 0 2
224.388 179.093 0 1
172.867 186.379 0 1
44.7752 128.826 0 1
229.454 161.006 0 1
75.8442 110.702 0 1
125.815 101.718 0 1
142.02 163.453 0 1
178.859 207.626 0 1
46.9732 47.816 0 2
33.201 70.3219 0 2
95.4216 148.351 0 1
136.861 54.5829 0 1
238.537 164.908 0 1
202.641 118.12 0 1
165.437 92.8337 0 1
124.375 173.678 0 1
102.239 95.0121 0 1
116.308 159.829 0 1
148.688 192.122 0 1
72.4979 50.5999 0 2
96.2948 162.264 0 1
26.8168 95.9757 0 2
14.1365 80.588 0 2
47.7614 81.3603 0 2
133.015 126.892 0 1
106.263 159.608 0 1
116.386 173.551 0 1
68.5357 58.8808 0 2
131.099 84.7756 0 1
28.0318 160.971 0 1
34.581 49.7913 0 2
97.518 79.9018 0 2
78.4209 44.5211 0 2
182.57 92.7875 0 1
46.3874 89.0448 0 2
101.318 60.2522 0 2
332.096 237.151 0 0
47.8437 32.5869 0 2
185.149 146.68 0 1
89.1836 48.9558 0 2
62.1393 87.308 0 2
38.3007 103.449 0 2
15.2219 20.2912 0 2
248.414 155.504 0 1
70.0555 169.081 0 1
172.22 85.1371 0 1
143.672 128.108 0 1
122.885 61.3884 0 2
272.736 234.841 0 0
99.5671 103.136 0 2
31.5841 131.191 0 1
116.258 103.376 0 2
114.735 57.5051 0 2
159.874 202.914 0 1
77.0741 144.749 0 1
41.3404 66.1581 0 1
95.0209 67.7788 0 2
126.418 208.585 0 1
47.6626 106.039 0 1
285.979 352.862 0 0
81.0033 208.26 0 1
85.0508 192.553 0 1
43.8493 153.644 0 1
17.9005 54.2305 0 2
289.018 200.338 0 0
156.172 102.591 0 1
122.425 118.446 0 1
38.9727 37.1821 0 2
16.2709 66.3906 0 2
70.413 103.191 0 2
226.458 78.9222 0 1
82.8105 96.674 0 2
28.4082 38.9713 0 1
202.521 158.164 0 1
53.7294 103.679 0 2
54.9517 154.464 0 1
174.449 103.659 0 1
204.044 67.0648 0 1
196.126 192.811 0 1
68.8204 162.854 0 1
54.3566 164.9 0 1
75.5604 81.2773 0 2
111.156 208.665 0 1
255.429 141.354 0 1
340.466 337.789 0 0
136.276 61.628 0 2
94.2743 83.0365 0 1
173.779 198.367 0 1
190.277 190.075 0 1
103.033 104.312 0 1
256.656 279.559 0 0
213.23 318.727 0 0
227.426 114.448 0 1
131.054 109.034 0 1
246.013 182.956 0 1
69.7672 103.976 0 1
273.795 137.984 0 1
101.164 30.1057 0 2
267.01 254.97 0 0
93.6923 177.594 0 1
250.182 202.202 0 0
72.4884 38.6686 0 1
55.8874 58.9704 0 2
286.788 255.528 0 0
87.4633 34.6843 0 2
65.0339 63.6744 0 1
53.5308 188.468 0 1
192.794 126.568 0 1
148.269 168.048 0 1
137.541 191.026 0 1
90.0611 103.415 0 2
241.997 189.659 0 0
58.2957 43.649 0 2
341.134 348.832 0 0
89.7861 177.617 0 1
192.912 208.779 0 1
277.616 201.837 0 0
92.8368 95.4901 0 1
46.9786 167.131 0 1
197.647 141.953 0 1
63.2548 192.708 0 1
38.1334 55.3371 0 2
38.1619 72.9198 0 2
348.598 353.315 0 0
142.646 208.237 0 1
226.578 203.617 0 0
413.362 363.89 0 0
135.653 103.135 0 2
90.0906 57.0274 0 1
328.611 352.01 0 0
112.649 89.6185 0 2
17.5512 68.5973 0 2
136.152 71.0395 0 2
260.283 111.492 0 1
150.679 160.07 0 1
191.864 174.688 0 1
15.7425 103.238 0 2
245.207 237.596 0 0
303.383 280.195 0 0
399.487 328.647 0 0
225.294 56.0735 0 1
212.778 138.963 0 1
28.1244 207.846 0 1
28.7441 81.0578 0 1
406.236 315.444 0 0
142.32 176.273 0 1
136.392 20.2949 0 2
219.657 349.526 0 0
201.949 95.5112 0 1
351.359 342.082 0 0
214.196 84.2331 0 1
113.893 101.4 0 1
206.773 182.786 0 1
215.656 207.84 0 1
106.935 68.5403 0 2
205.608 104.147 0 1
83.8934 181.527 0 1
339.843 336.059 0 0
92.4868 97.795 0 1
236.218 177.572 0 0
260.765 158.163 0 1
252.53 163.745 0 1
99.1474 31.0834 0 2
88.3486 82.4564 0 2
405.926 170.062 0 0
67.879 103.118 0 2
128.911 70.5272 0 2
28.3299 137.498 0 1
41.0795 143.101 0 1
362.152 343.383 0 0
176.737 341.138 0 0
26.3219 47.0719 0 2
248.483 208.483 0 1
296.622 368.642 0 0
50.9363 91.6732 0 1
211.888 337.369 0 0
163.43 179.016 0 1
274.831 236.323 0 0
203.261 338.495 0 0
115.049 183.545 0 1
356.235 359.072 0 0
28.0667 174.767 0 1
244.29 81.7778 0 1
274.17 123.866 0 1
366.781 186.296 0 0
416.127 170.283 0 0
69.0424 38.3487 0 2
233.921 319.665 0 0
273.202 208.007 0 1
224.805 87.7296 0 1
164.007 157.493 0 1
268.27 382.631 0 0
137.487 100.843 0 1
339.746 326.025 0 0
491.761 364.782 0 0
396.01 343.232 0 0
353.093 332.831 0 0
81.3777 38.7998 0 1
157.197 87.5483 0 1
390.424 316.301 0 0
126.91 125.974 0 0
251.881 122.499 0 1
424.965 366.921 0 0
445.302 357.62 0 0
356.438 388.292 0 0
227.032 333.322 0 0
83.5668 105.004 0 1
179.556 180.003 0 1
184.434 164.792 0 1
330.203 237.863 0 0
283.939 353.338 0 0
37.0434 93.4835 0 2
161.179 71.2253 0 1
434.79 370.14 0 0
282.065 325.684 0 0
330.653 398.161 0 0
445.952 372.979 0 0
361.541 308.857 0 0
254.685 279.818 0 0
247.058 81.1482 0 1
91.3146 258.616 0 0
492.912 367.002 0 0
212.173 177.896 0 0
229.908 348.104 0 0
331.646 340.169 0 0
73.9565 88.0432 0 1
433.893 320.578 0 0
410.245 348.419 0 0
165.476 289.288 0 0
375.753 371.983 0 0
151.686 65.9859 0 1
202.265 192.475 0 1
363.094 398.986 0 0
139.111 326.513 0 0
109.569 175.607 0 1
114.382 71.1272 0 2
182.187 171.343 0 1
191.648 378.985 0 0
220.021 60.273 0 1
145.625 56.134 0 1
273.27 187.694 0 1
262.604 219.142 0 0
347.301 394.331 0 0
447.684 374.563 0 0
28.9429 109.888 0 1
230.29 172.268 0 0
451.326 110.869 0 0
167.362 69.9011 0 1
98.4505 87.4389 0 1
205.913 320.028 0 0
290.737 342.381 0 0
244.643 235.859 0 0
368.965 333.252 0 0
429.719 389.668 0 0
227.981 152.397 0 1
402.875 290.66 0 0
350.368 340.259 0 0
82.1503 143.476 0 1
226.85 342.381 0 0
404.964 387.188 0 0
200.503 144.709 0 1
244.315 47.8283 0 1
99.9621 180.319 0 1
209.094 96.7852 0 1
311.797 397.166 0 0
246.751 47.1684 0 1
212.215 180.044 0 0
70.7796 202.142 0 1
34.231 47.8254 0 2
130.618 275.198 0 0
169.936 208.771 0 1
101.504 168.452 0 1
191.971 128.529 0 1
217.496 350.551 0 0
282.326 219.507 0 0
255.371 277.851 0 0
348.113 374.986 0 0
417.739 388.716 0 0
304.76 236.444 0 0
133.537 190.743 0 1
222.032 237.273 0 0
88.133 169.993 0 1
88.4879 309.236 0 0
89.2059 76.1499 0 2
226.252 331.959 0 0
304.451 393.581 0 0
458.181 359.592 0 0
108.21 165.676 0 1
135.52 168.438 0 1
441.588 390.495 0 0
329.886 187.087 0 0
446.265 385.567 0 0
204.52 173.684 0 1
379.853 382.583 0 0
47.5083 103.965 0 1
199.212 362.887 0 0
105.897 89.364 0 1
110.443 396.968 0 0
330.824 235.851 0 0
73.4269 95.7511 0 2
105.365 368.822 0 0
183.055 205.034 0 0
284.736 351.3 0 0
194.48 339.352 0 0
406.663 232.855 0 0
188.441 378.277 0 0
206.412 188.475 0 0
477.181 331.584 0 0
194.419 181.335 0 0
51.9512 103.144 0 2
253.004 196.401 0 0
385.641 250.61 0 0
243.929 111.271 0 1
428.495 288.828 0 0
199.614 80.6476 0 1
175.371 95.945 0 1
357.568 390.206 0 0
185.631 177.302 0 1
136.809 324.99 0 0
434.624 384.255 0 0
213.877 143.37 0 1
411.425 381.697 0 0
135.543 72.9623 0 2
84.8143 34.4538 0 2
243.295 191.204 0 0
67.4647 76.5275 0 1
356.183 401.212 0 0
377.735 350.419 0 0
50.8754 87.2689 0 2
83.6606 285.116 0 0
288.649 203.338 0 0
70.9041 92.8427 0 2
148.467 184.145 0 1
309.745 417.058 0 0
273.098 163.636 0 1
332.206 330.948 0 0
42.5409 19.4901 0 2
96.1243 215.631 0 0
457.004 374.316 0 0
102.055 62.7337 0 2
169.333 383.239 0 0
229.677 143.043 0 1
74.5626 185.751 0 1
356.772 419.014 0 0
380.952 341.65 0 0
409.107 346.785 0 0
112.974 48.9658 0 2
270.667 338.335 0 0
273.148 380.111 0 0
185.931 340.182 0 0
298.535 409.296 0 0
203.561 336.113 0 0
230.745 366.685 0 0
452.825 391.758 0 0
62.2439 90.0096 0 2
201.718 378.585 0 0
15.3428 40.9658 0 2
273.338 175.776 0 1
294.249 349.131 0 0
99.4658 90.6796 0 2
88.6473 256.559 0 0
22.235 64.3701 0 2
497.156 313.616 0 0
120.974 61.6706 0 2
63.9938 103.963 0 2
92.1347 177.998 0 1
274.203 39.0745 0 1
373.03 294.663 0 0
243.949 407.169 0 0
281.749 241.508 0 0
53.0823 190.676 0 1
374.564 410.536 0 0
206.032 183.565 0 0
64.0135 69.5712 0 2
14.3965 96.2893 0 2
194.692 208.287 0 1
435.926 322.377 0 0
62.7008 384.633 0 0
62.3599 94.7324 0 1
200.315 201.923 0 0
110.338 328.994 0 0
14.3046 87.1522 0 2
307.444 294.585 0 0
502.277 160.737 0 0
75.5182 182.558 0 1
350.942 331.328 0 0
490.665 366.816 0 0
353.942 330.587 0 0
406.102 192.685 0 0
84.3336 211.107 0 0
358.069 336.549 0 0
184.268 417.819 0 0
28.5383 74.0788 0 1
300.089 342.296 0 0
64.8949 42.4932 0 2
49.0399 34.8912 0 2
34.5159 19.389 0 2
298.744 352.15 0 0
27.7743 190.34 0 1
333.286 342.091 0 0
134.962 401.498 0 0
269.644 336.552 0 0
109.071 306.983 0 0
226.777 208.263 0 1
58.2255 38.4035 0 1
176.127 338.535 0 0
513.297 299.851 0 0
198.77 279.786 0 0
49.6623 47.2373 0 2
186.002 192.654 0 1
529.124 404.936 0 0
148.53 68.0099 0 1
467.586 220.361 0 0
77.5437 196.36 0 1
54.1801 274.445 0 0
320.538 408.738 0 0
252.226 419.505 0 0
140.989 211.784 0 0
201.98 119.783 0 1
267.16 252.802 0 0
62.4182 262.549 0 0
423.777 383.061 0 0
185.171 182.77 0 1
159.65 74.997 0 0
205.562 211.318 0 0
423.435 413.054 0 0
88.9148 307.205 0 0
432.685 417.062 0 0
274.779 234.026 0 0
134.846 390.568 0 0
155.719 89.1206 0 1
294.716 333.795 0 0
54.0164 76.6664 0 0
120.287 24.4977 0 2
386.419 363.996 0 0
136.855 56.7233 0 1
349.337 342.081 0 0
199.78 165.085 0 1
198.977 181.33 0 0
262.559 209.304 0 1
412.485 209.609 0 0
108.545 80.413 0 2
287.247 326.266 0 0
396.099 360.459 0 0
461.072 322.587 0 0
197.675 106.263 0 1
136.977 78.3652 0 1
136.954 327.257 0 0
210.719 336.311 0 0
475.338 329.983 0 0
14.9799 54.8777 0 2
537.371 383.285 0 0
435.778 319.979 0 0
290.64 202.283 0 0
458.319 376.212 0 0
380.905 355.223 0 0
100.451 208.154 0 1
194.243 358.431 0 0
112.351 38.5787 0 2
34.3099 84.2697 0 2
297.344 370.755 0 0
97.0481 204.331 0 0
408.39 331.656 0 0
74.8462 109.734 0 1
102.097 295.779 0 0
153.947 208.819 0 1
126.729 388.701 0 0
248.369 122.463 0 1
367.849 329.888 0 0
139.134 324.476 0 0
535.401 381.959 0 0
28.3588 196.962 0 1
99.8798 302.48 0 0
191.955 100.281 0 1
36.2288 103.298 0 2
113.569 403.159 0 0
421.699 227.181 0 0
435.592 372.276 0 0
46.9834 177.15 0 1
