0.827957
0.847059
0.589147
0.89243
0.65625
0.885827
0.59375
0.48927
0.326087
0.734694
0.866379
0.641434
0.818605
0.559671
0.951219
0.659575
0.764423
0.834171
0.871795
0.669565
0.5
0.758794
0.7
0.605263
0.751196
0.836364
0.780392
0.37551
0.43956
0.739884
0.713287
0.912664
0.681223
0.878788
0.741525
0.793388
0.528634
0.726531
0.970588
0.408072
0.874346
0.95045
0.627451
0.722222
0.63253
0.851562
0.876596
0.511013
0.903553
0.875519
0.79085
0.666667
0.843373
0.829787
0.736402
0.7
0.806283
0.95572
0.832215
0.453061
0.510526
0.76875
0.901408
0.869565
0.80829
0.691542
0.763949
0.546512
0.693548
0.822464
0.555556
0.590062
1
0.487654
0.653266
0.540909
0.907514
0.717949
0.474576
0.707447
0.913386
0.683871
0.528497
0.783069
0.351351
0.659341
0.898785
0.844358
0.870229
0.676471
0.644231
0.529412
0.902439
0.521739
0.77193
0.851064
0.762626
0.396761
0.295775
0.63
0.814634
0.740933
0.724551
0.698225
0.62766
0.882576
0.755102
0.491453
0.497585
0.780488
0.768924
0.789668
0.610442
0.720379
0.684825
0.966851
0.647887
0.731544
0.56391
0.854545
0.737864
0.742647
0.671958
0.769231
0.528777
0.627219
0.683938
0.793478
0.830579
0.533333
0.748837
0.732673
0.833962
0.922652
0.871595
0.65534
0.706897
0.622711
0.670833
0.811828
0.658228
0.740541
0.603774
0.802548
0.880478
0.724324
0.925926
0.853448
0.8
0.263158
0.643411
0.834951
0.464789
0.807692
0.827027
0.800813
0.894977
0.571429
0.824818
0.321555
0.758197
0.456853
0.689956
1
0.825175
0.895161
0.403434
0.7
0.934694
0.703863
0.961538
0.770642
0.862745
0.921569
0.703704
0.601124
0.554113
0.835
0.894737
0.578512
0.5
0.772222
0.93617
0.583942
0.976048
0.73029
0.650485
0.6
0.903846
0.87766
0.859922
0.849785
0.462264
0.666667
0.737705
0.656085
0.877049
0.725664
0.822464
0.900415
0.842593
0.654472
0.756579
0.817259
0.75974
0.828125
0.630705
0.936046
0.710938
0.868421
0.490566
0.646586
0.576764
0.816
0.565543
0.907317
0.840816
0.879245
0.817708
0.82716
0.413386
0.508929
0.685567
0.834081
0.524887
0.892241
0.94
0.770563
0.574074
0.922078
0.904059
0.956693
0.79
0.25
0.881818
0.898496
0.562232
0.917431
0.505703
0.868914
0.815385
0.601896
0.867647
0.804598
0.657143
0.844697
0.692661
0.614407
0.848101
0.439834
0.82716
0.562232
0.665
0.903084
0.941176
0.709677
0.701987
0.855263
0.71875
0.776119
0.701754
0.844037
0.756364
0.599138
0.931193
0.679739
0.706564
0.609302
0.185022
0.673554
0.764228
0.761538
0.868613
0.788462
0.865741
0.609302
0.844622
0.957854
0.654709
0.834677
0.866071
0.759494
0.884393
0.708738
0.807175
0.745763
0.690058
0.877863
0.527607
0.775362
0.737991
0.699454
0.864253
0.754098
0.819672
0.730909
0.736059
0.414938
0.87156
0.715328
0.853774
0.672862
0.747619
0.776699
0.865922
0.932
0.576923
0.748837
0.798283
0.728814
0.92381
0.526718
0.943925
0.895238
0.844828
0.661376
0.793103
0.791165
0.852792
0.9631
0.761538
0.73399
0.385827
0.980315
0.899582
0.785714
0.874439
0.54023
0.852535
0.769531
0.914894
0.648148
0.329457
0.555556
0.0580913
0.227679
0.618257
0.817391
0.607306
0.95
0.967742
0.627193
0.909502
0.77193
0.6
0.830189
0.463768
0.899123
0.843373
0.633987
0.815534
0.721612
0.510638
0.608696
0.763393
0.482759
0.841328
0.859155
0.781991
0.953271
0.770054
0.488263
0.341121
0.760204
0.917808
0.727273
0.941423
0.849057
0.851562
0.489627
0.86383
0.628821
0.863071
0.842975
0.880952
0.632653
0.795556
0.62
0.412698
0.678431
0.837037
0.574163
0.634409
0.882075
0.686131
0.534653
0.741463
0.6
0.552124
0.728507
0.683274
0.834254
0.753425
0.590038
0.535714
0.4375
0.822857
0.666667
0.590425
0.20098
0.889313
0.911215
0.888889
0.698925
0.456731
0.663317
0.920755
0.926829
0.864151
0.669355
0.653659
0.958333
0.68599
0.676471
0.556818
0.972067
0.788462
0.882353
0.712598
0.823077
0.80916
0.879397
0.859922
0.912037
0.75
0.668508
0.798283
0.650485
0.891473
0.77095
0.736585
0.820225
0.7897
0.681416
0.608696
0.678756
0.593886
0.504587
0.624473
0.7173
0.796364
0.484694
0.936073
0.696262
0.816901
0.537879
0.382775
0.762136
0.710784
0.82971
0.778325
0.914286
0.664151
0.977401
0.531915
0.72314
0.686957
0.910853
0.727679
0.723735
0.897059
0.322581
0.821429
0.645522
0.658333
0.38565
0.455696
0.96281
0.940639
0.918033
0.743119
0.627119
0.758242
0.676596
0.813187
0.957944
0.62753
0.606061
0.770213
0.882353
0.889831
0.663934
0.530806
0.934426
0.720183
0.924171
0.478723
0.497537
0.589744
0.80916
0.932432
0.825137
0.895238
0.8
0.428571
0.850746
0.789744
0.510288
0.913636
0.819149
