0.0299999993294
0.0399999991059
0.019999999553
0.019999999553
0.019999999553
0.0399999991059
0.0299999993294
0.019999999553
0.0599999986589
0.0399999991059
0.0299999993294
0.0799999982119
0.0299999993294
0.019999999553
0.0399999991059
0.0299999993294
0.0299999993294
0.0399999991059
0.019999999553
0.0399999991059
0.00999999977648
0.0499999970198
0.019999999553
0.00999999977648
0.019999999553
0.019999999553
0.00999999977648
0.019999999553
0.00999999977648
0.070000000298
0.019999999553
0.00999999977648
0.0399999991059
0.0399999991059
0.0399999991059
0.00999999977648
0.00999999977648
0.0499999970198
-0.00999999977648
0.0299999993294
0.019999999553
0.0299999993294
0.0299999993294
0.019999999553
0.0299999993294
0.0399999991059
-0.00999999977648
0.0299999993294
0.0299999993294
0.0399999991059
0.019999999553
0.0399999991059
0.0299999993294
0.019999999553
0.019999999553
0.0499999970198
0.0299999993294
0.0299999993294
0.0399999991059
0.00999999977648
0.0399999991059
0.0299999993294
0.019999999553
0.0399999991059
0.0499999970198
0.0299999993294
0.00999999977648
0.0299999993294
0.0299999993294
0.0799999982119
0.019999999553
0.00999999977648
0.00999999977648
0.0399999991059
0.019999999553
0.019999999553
0.019999999553
0.0299999993294
0.019999999553
0.0299999993294
0.019999999553
0.00999999977648
0.070000000298
0.0799999982119
0.019999999553
0.0499999970198
0.00999999977648
0.019999999553
0.0399999991059
0.0399999991059
0.019999999553
0.019999999553
0.0399999991059
0.0499999970198
0.0399999991059
0.019999999553
0.0399999991059
0.00999999977648
0.019999999553
0.0299999993294
0.019999999553
0.0499999970198
0.0299999993294
0.00999999977648
0.0299999993294
0.070000000298
0.019999999553
0.0299999993294
0.0499999970198
0.0499999970198
0.019999999553
0.0599999986589
0.019999999553
0.00999999977648
0.00999999977648
0.0299999993294
0.0499999970198
0.019999999553
0.070000000298
0.019999999553
0.0399999991059
0.019999999553
0.019999999553
0.0399999991059
0.0299999993294
0.0499999970198
0.00999999977648
0.0499999970198
0.0399999991059
0.019999999553
0.00999999977648
0.00999999977648
0.019999999553
0.0299999993294
0.0499999970198
0.0299999993294
0.019999999553
0.019999999553
0.0299999993294
0.0499999970198
0.0399999991059
0.0499999970198
0.0399999991059
0.019999999553
0.0399999991059
0.00999999977648
-0.00999999977648
0.019999999553
0.070000000298
0.019999999553
0.0799999982119
0.0299999993294
0.0299999993294
0.019999999553
0.0299999993294
0.0299999993294
0.0799999982119
0.0499999970198
-0.00999999977648
0.00999999977648
0.0299999993294
0.0399999991059
0.019999999553
0.00999999977648
0.00999999977648
-0.00999999977648
0.019999999553
0.0899999961257
0.019999999553
0.0499999970198
0.019999999553
0.019999999553
0.019999999553
0.00999999977648
-0.00999999977648
0.0799999982119
0.00999999977648
0.0499999970198
0.0299999993294
0.0499999970198
0.019999999553
0.00999999977648
0.0299999993294
0.0599999986589
0.0799999982119
0.00999999977648
0.019999999553
0.0299999993294
0.00999999977648
0.0299999993294
0.019999999553
0.0299999993294
0.0499999970198
0.019999999553
0.0299999993294
0.019999999553
0.0299999993294
0.0299999993294
0.0399999991059
0.019999999553
0.00999999977648
0.019999999553
0.019999999553
0.019999999553
0.019999999553
0.00999999977648
0.019999999553
0.0299999993294
0.019999999553
0.0599999986589
0.0299999993294
0.019999999553
0.019999999553
0.0299999993294
0.00999999977648
0.0399999991059
0.019999999553
0.019999999553
0.00999999977648
0.0299999993294
0.0299999993294
0.0299999993294
0.0399999991059
0.0299999993294
0.0299999993294
0.0399999991059
0.019999999553
0.0299999993294
0.0499999970198
0.0399999991059
0.0299999993294
0.0299999993294
0.0299999993294
0.019999999553
0.0299999993294
-0.00999999977648
0.00999999977648
0.0399999991059
0.0299999993294
0.0599999986589
0.0299999993294
0.019999999553
0.0299999993294
0.019999999553
0.019999999553
0.0299999993294
0.0299999993294
0.070000000298
0.00999999977648
0.0399999991059
0.0399999991059
0.019999999553
0.0299999993294
0.0299999993294
0.019999999553
0.00999999977648
0.019999999553
0.0399999991059
0.0299999993294
0.0299999993294
0.00999999977648
0.019999999553
0.0299999993294
0.0299999993294
0.0399999991059
0.019999999553
0.0299999993294
0.019999999553
0.019999999553
0.0799999982119
0.0399999991059
0.0399999991059
0.0299999993294
0.0599999986589
0.0599999986589
0.0399999991059
0.019999999553
0.019999999553
0.019999999553
0.0399999991059
0.0299999993294
0.0799999982119
0.0299999993294
0.0299999993294
0.019999999553
0.019999999553
0.0299999993294
0.019999999553
0.0399999991059
0.0299999993294
0.00999999977648
0.019999999553
0.0399999991059
0.019999999553
0.0799999982119
0.00999999977648
0.0399999991059
0.019999999553
0.0399999991059
0.019999999553
0.019999999553
-0.00999999977648
0.0599999986589
0.0299999993294
0.0299999993294
0.0799999982119
0.0299999993294
0.0799999982119
0.0599999986589
0.00999999977648
0.0299999993294
0.019999999553
0.0399999991059
0.019999999553
0.0499999970198
0.0299999993294
0.019999999553
0.0299999993294
0.019999999553
0.0299999993294
0.0499999970198
0.0399999991059
0.0299999993294
0.019999999553
0.019999999553
0.00999999977648
0.0399999991059
0.019999999553
0.0399999991059
0.019999999553
0.019999999553
0.0399999991059
0.019999999553
0.019999999553
0.0299999993294
0.019999999553
0.019999999553
0.070000000298
0.0799999982119
0.0599999986589
0.0399999991059
0.019999999553
0.0399999991059
0.019999999553
0.0299999993294
0.019999999553
0.019999999553
0.0299999993294
0.019999999553
0.019999999553
0.019999999553
0.0499999970198
0.0899999961257
0.019999999553
0.019999999553
0.019999999553
0.0499999970198
0.019999999553
0.00999999977648
0.0599999986589
0.0399999991059
0.0299999993294
0.0299999993294
0.0399999991059
0.00999999977648
0.0399999991059
0.00999999977648
0.0399999991059
0.019999999553
0.00999999977648
0.0399999991059
0.00999999977648
0.0399999991059
0.00999999977648
0.0299999993294
0.0399999991059
0.019999999553
0.019999999553
0.019999999553
0.00999999977648
0.0799999982119
0.019999999553
0.0399999991059
0.0299999993294
0.0299999993294
0.019999999553
0.0399999991059
0.0499999970198
0.00999999977648
0.019999999553
0.019999999553
0.0399999991059
0.019999999553
0.00999999977648
0.0799999982119
0.0399999991059
0.019999999553
0.0499999970198
0.0399999991059
0.0399999991059
-0.00999999977648
0.0299999993294
0.019999999553
0.019999999553
0.019999999553
0.0399999991059
0.019999999553
0.0299999993294
0.0399999991059
0.019999999553
0.0299999993294
0.019999999553
0.00999999977648
0.019999999553
0.00999999977648
0.0399999991059
0.0399999991059
0.019999999553
-0.00999999977648
0.019999999553
0.0399999991059
0.019999999553
0.019999999553
0.00999999977648
0.019999999553
0.019999999553
0.0299999993294
0.00999999977648
-0.00999999977648
0.0399999991059
0.0799999982119
0.0299999993294
0.0299999993294
0.0299999993294
0.0299999993294
0.019999999553
0.019999999553
0.0299999993294
0.019999999553
0.0399999991059
0.0299999993294
0.019999999553
0.0299999993294
0.0399999991059
0.00999999977648
0.00999999977648
0.00999999977648
0.0499999970198
0.00999999977648
0.0399999991059
0.00999999977648
0.0299999993294
0.00999999977648
0.019999999553
0.0499999970198
0.0399999991059
0.0399999991059
0.019999999553
0.019999999553
0.019999999553
0.019999999553
0.019999999553
0.0499999970198
0.0799999982119
0.0399999991059
0.0299999993294
0.019999999553
0.00999999977648
0.019999999553
0.0499999970198
0.0399999991059
0.0299999993294
0.0299999993294
0.0499999970198
0.0399999991059
0.0399999991059
0.0899999961257
0.019999999553
0.0299999993294
0.0399999991059
0.0799999982119
0.019999999553
0.00999999977648
0.00999999977648
0.019999999553
0.00999999977648
0.00999999977648
0.019999999553
0.0299999993294
0.0799999982119
0.019999999553
0.019999999553
0.00999999977648
0.0299999993294
0.019999999553
0.019999999553
0.0299999993294
0.0399999991059
0.0299999993294
0.019999999553
