0.015873
0.0120482
0.0114943
0.0125
0.015873
0.0119048
0.0114943
0.0138889
0.0232558
0.0123457
0.0128205
0.0120482
0.0147059
0.0126582
0.0140845
0.0172414
0.0135135
0.0136986
0.0142857
0.03125
0.015625
0.016129
0.0131579
0.0149254
0.015873
0.0131579
0.0119048
0.0121951
0.0144928
0.0166667
0.0172414
0.0125
0.012987
0.0163934
0.0135135
0.0125
0.0121951
0.0123457
0.0125
0.012987
0.0166667
0.0128205
0.047619
0.0588235
0.016129
0.0121951
0.012987
0.0128205
0.015625
0.0125
0.0169492
0.02
0.0185185
0.0172414
0.0126582
0.0185185
0.0169492
0.0111111
0.0217391
0.0123457
0.0178571
0.0153846
0.0357143
0.142857
0.0169492
0.0136986
0.012987
0.0116279
0.0263158
0.0105263
0.0294118
0.015625
0.0666667
0.0208333
0.0140845
0.012987
0.0172414
0.0169492
0.0142857
0.0151515
0.0119048
0.016129
0.0136986
0.0149254
0.0357143
0.0111111
0.0120482
0.0116279
0.0222222
0.0357143
0.0217391
0.015625
0.0196078
0.04
0.0138889
0.0222222
0.0140845
0.0123457
0.0153846
0.0144928
0.0133333
0.0142857
0.0166667
0.0140845
0.0172414
0.0114943
0.0714286
0.0131579
0.0140845
0.0138889
0.0121951
0.010989
0.0116279
0.0151515
0.0120482
0.0172414
0.0135135
0.0227273
0.03125
0.0106383
0.0135135
0.011236
0.0178571
0.0151515
0.0106383
0.0222222
0.0149254
0.0149254
0.012987
0.0123457
0.0126582
0.0263158
0.0113636
0.0172414
0.0119048
0.0135135
0.0149254
0.010989
0.0123457
0.0147059
0.0131579
0.0142857
0.0178571
0.0169492
0.0121951
0.0136986
0.011236
0.0128205
0.166667
0.0144928
0.0119048
0.0322581
0.0344828
0.0625
0.0178571
0.0120482
0.0133333
0.1
0.0111111
0.0107527
0.0120482
0.0172414
0.0140845
0.047619
0.0185185
0.0126582
0.0123457
0.5
0.0120482
0.0142857
0.0120482
0.015625
0.0121951
0.0151515
0.0163934
0.0185185
0.0144928
0.0135135
0.0113636
0.0121951
0.0116279
0.0181818
0.0166667
0.030303
0.0181818
0.012987
0.0217391
0.037037
0.015873
0.0149254
0.0120482
0.0125
0.027027
0.0196078
0.0119048
0.0151515
0.0119048
0.0128205
0.0105263
0.0123457
0.012987
0.0121951
0.0181818
0.016129
0.0208333
0.0120482
0.0133333
0.0175439
0.0114943
0.0769231
0.0153846
0.0120482
0.0121951
0.0119048
0.0113636
0.015873
0.0123457
0.0116279
0.0169492
0.0125
0.0114943
0.0142857
0.0166667
0.0136986
0.0140845
0.012987
0.0117647
0.012987
0.0131579
0.0131579
0.0111111
0.0119048
0.0263158
0.0131579
0.0140845
0.011236
0.0125
0.0142857
0.011236
0.0108696
0.0166667
0.0136986
0.016129
0.0117647
0.0120482
0.0114943
0.0140845
0.0133333
0.0128205
0.0123457
0.0128205
0.0131579
0.0153846
0.0131579
0.0128205
0.0128205
0.0217391
0.0131579
0.0123457
0.0163934
0.0128205
0.03125
0.0108696
0.012987
0.0142857
0.0175439
0.0117647
0.0151515
0.0135135
0.0126582
0.0117647
0.0117647
0.0111111
0.0119048
0.0135135
0.015625
0.0121951
0.0119048
0.0126582
0.0119048
0.0133333
0.0133333
0.0212766
0.0133333
0.0147059
0.0121951
0.0222222
0.0116279
0.0149254
0.0204082
0.0126582
0.0147059
0.012987
0.0128205
0.0120482
0.0108696
0.010989
0.0125
0.0135135
0.010989
0.0128205
0.011236
0.0133333
0.0138889
0.0169492
0.0117647
0.0121951
0.0144928
0.0128205
0.0123457
0.0144928
0.0113636
0.0144928
0.0147059
0.0128205
0.0151515
0.0123457
0.0123457
0.0135135
0.0111111
0.0181818
0.0135135
0.0114943
0.0119048
0.0123457
0.0125
0.0125
0.0116279
0.0149254
0.0114943
0.0222222
0.011236
0.0120482
0.015625
0.012987
0.0151515
0.0125
0.012987
0.0133333
0.0128205
0.0136986
0.0144928
0.0135135
0.0588235
0.0208333
0.0113636
0.0147059
0.0131579
0.0128205
0.0169492
0.0138889
0.010989
0.0178571
0.0126582
0.0125
0.0243902
0.011236
0.0357143
0.0135135
0.0144928
0.0166667
0.012987
0.015625
0.0138889
0.0135135
0.0125
0.0128205
0.0243902
0.0114943
0.0123457
0.0123457
0.0125
0.0121951
0.0120482
0.0153846
0.0163934
0.0123457
0.0625
0.0277778
0.0117647
0.0212766
0.0138889
0.025641
0.015873
0.025
0.0232558
0.0135135
0.1
0.0116279
0.0125
0.0106383
0.0149254
0.0135135
0.0116279
0.0147059
0.0833333
0.0149254
0.0135135
0.0144928
0.0142857
0.0114943
0.0131579
0.0909091
0.010989
0.015625
0.0138889
0.0113636
0.015873
0.0116279
0.0126582
0.0138889
0.0117647
0.0128205
0.0185185
0.0116279
0.0175439
0.0208333
0.047619
0.0116279
0.02
0.0114943
0.0133333
0.0114943
0.0131579
0.0169492
0.0196078
0.0125
0.016129
0.0116279
0.016129
0.0136986
0.0172414
0.0128205
0.0147059
0.0138889
0.0147059
0.0125
0.0125
0.0123457
0.0135135
0.0106383
0.0147059
0.0135135
0.0135135
0.0142857
0.0113636
0.0144928
0.0136986
0.0149254
0.0105263
0.0131579
0.0125
0.0114943
0.0175439
0.0769231
0.012987
0.012987
0.0119048
0.0142857
0.0116279
0.0416667
0.012987
0.0227273
0.011236
0.0128205
0.0140845
0.0133333
0.0123457
0.0128205
0.0119048
0.0149254
0.04
0.0175439
0.0133333
0.010989
0.0147059
0.0128205
0.0144928
0.0125
0.0285714
0.0204082
0.0119048
0.0135135
0.0123457
0.0131579
0.0133333
0.0142857
0.0131579
0.0166667
0.0117647
0.0128205
0.0172414
0.0263158
0.0133333
0.012987
0.04
0.0135135
0.0131579
0.0140845
0.0147059
0.605322 0.743329 0.186315 0.996311 0.258746 1.29326 0.623772 0.495143 0.528677 0.114508 0.103573 0.223313 0.410616 0.265696 2.01109 1.32414 0.537025 0.352282 1.54465 0.869794 0.201477 0.172521 1.13703 0.286426 0.287519 0.0674545 2.2967 0.51954 0.73213 0.297236 0.386763 0.787074 0.833623 0.732286 1.133 0.920034 2.1467 0.30363 1.33863 0.359471 1.2441 0 0.126646 1.03307 0.194762 0.102135 0.0861832 0.38871 0.0544949 0.431946 0.147185 0.0900426 0.495701 0.523081 0.0526146 0.0753968 0.719608 0.801387 1.24482 0.67025 0.121683 0.141577 0.0965597 0.942269 0.314933 0.896089 0.28843 0.107014 0.596398 0.275776 1.91262 7.5607 4.47284 6.99939 9.69189 4.64643 0.243395 0.398547 0.447771 0.0771967 0.613369 0.285997 0.175637 0.761802 1.30633 0.422959 1.85055 0.981803 0.386829 0.487131 3.45962 0.404968 3.21413 0.394426 0.629122 0.42545 0.710208 2.65371 3.70573 1.45692 0.825998 0.331491 0.262091 0.198094 0.401487 0.392013 3.16687 3.81221 0.604916 0.228274 0.451879 0.234642 2.14216 1.54597 5.57549 6.45021 2.65131 0.988318 1.65935 0.620212 2.51713 1.82667 0.330031 0.0642149 0.159107 0.0811758 0.126739 0.187307 1.54028 0.0491969 1.01835 1.07325 0.342918 0.0486772 15.1313 2.63067 2.8518 1.01949 0.303894 1.34422 0.406747 1.35606 2.08763 2.19367 5.31967 0.699484 0.14628 0.223296 0.462103 0.141108 43.4825 1.94903 0.0610836 0.137391 0.0524042 0.122535 1.02525 0.243298 0.508139 0.45998 23.0282 0.717728 5.12519 3.61279 7.01519 2.20641 1.40079 0.23274 0.953052 0.079794 1.18241 0.242067 0.251308 0.0661853 0.295535 0.0801182 0.697588 0.231259 0.49616 0.246779 1.69268 0.189307 0.198673 0.121063 0.284614 0.514522 0.269769 0.364961 0.594157 0.735947 0.225571 0.165106 3.3902 2.11893 7.64707 1.9253 3.70708 2.06003 1.23631 5.15977 0.596501 0.730176 0.19028 0.625353 0.297506 0.17105 0.297088 0.0662087 1.42719 8.71317 6.4848 0.471441 3.11656 0.370638 1.21588 1.44878 1.22915 0.60287 2.64547 12.7874 0.299708 0.244439 1.92205 4.66671 1.04795 0.621197 0.254995 0.455884 0.498093 0.168975 0.427507 0.27035 0.386064 0.147892 0.123038 0.266807 0.144958 0.143736 0.311744 0.518001 0.341591 0.717379 0.546471 0.149783 0.435514 0.191773 1.05303 0.244276 0.697732 0.0626327 0.038834 0.178849 0.446391 0.0909545 0.0128205 0.0476407 0.675531 1.1595 2.11705 0.831105 1.9344 2.2261 1.74783 2.05886 10.9932 4.29094 3.50278 3.61399 0 1.16894 1.99019 4.30248 0.672314 0.864878 0.538712 0.213265 0.212583 0.132945 0.296707 0.551746 0.574814 0.284629 1.20113 0.367409 0.937818 0.775304 0.0744925 0.0894126 0.410663 0.756937 0.757717 0.288755 0.382048 0.211997 0.239306 0.150503 0.183191 0.214723 0.517834 0.327952 0.263554 1.88122 0.401326 0.214103 1.09286 0.257689 0.551004 0.208489 0.387801 0.389386 0.347881 0.34146 0.579797 0.847863 2.14799 0.860812 1.43476 1.40923 1.07013 0.595183 0.411317 0.538192 1.18687 0.656992 0.190289 0.331956 0.628466 1.56977 0.627995 0.685967 0.211 0.0965851 0.256972 0.0948366 0.176653 0.23879 0.463981 0.720926 0.138646 0.429393 0.260537 0.565815 0.29016 0.0994011 1.1293 0.245098 0.357076 0.31339 0.0564781 0.0412438 0.14116 0.0804291 0.381472 0.291818 0.258339 0.101569 0.0784608 0.076413 0.189078 0.0668065 1.97098 0.49258 0.621176 0.328342 0.188807 0.234556 0.365452 0.0961784 0.448766 0.328285 0.338175 0.257247 0.266618 0.763271 0.500785 0.329623 0.171263 0.0430736 0.139141 0.257308 0.810806 0.768385 0.105907 0.0937459 0.482865 0.708067 0.0621456 0.190887 0.452472 0.180852 0.136419 0.332837 0.180019 0.441315 1.26144 0.247679 0.122059 0.0845277 0.200235 0.111394 0.325473 0.190386 0.192179 0.474732 0.0529473 0.0999913 0.115562 0.206226 0.198871 0.343478 0.109552 0.155684 0.0381034 0.578299 0.0917021 0.0597849 1.10285 0.248691 0.452782 0.576778 0.12457 0.312863 0.11301 0.103489 0.0300866 0.248146 0.199323 0.546637 0.712683 0.344731 0.0806353 0.234869 0.166302 0.0501481 0.14952 0.195246 0.138767 0.277871 0.197325 0.0719205 0.244983 0.328411 0.384877 0.635866 0.134409 0.255649 0.15912 0.716562 0.12098 0.108815 0.387842 0.0654886 0.223799 0.0851921 0.566526 0.434917 0.211779 0.275947 0.0251414 0.110933 0.178812 0.0873094 0.0394506 0.0149254 0.141398 0.137407 0.157094 0.227987 0.0600129 0.26562 0.144664 0.199765 0.511069 0.212887 0.148849 0.573931 0.113028 0.0405745 0.147027 0.0530585 0.92375 0.105834 1.49052 0.384794 0.0772454 0.0606319 0.0925346 0.0683148 0.158811 0.283043 0.089334 0.147734 0.489855 0.452399 0.210732 0.0454809 0.849727 0.926972 0.239689 0 0.433075 0.189211 0.277618 0.216556 0.193551 0.424653 0.0598733 0.101665 0.33819 0.330285 0.82458 0.588718 
1.54331 1.01343 0.330989 0.284569 0.160956 0.249778 0.23177 0.297942 0.16309 0.180577 0.429859 0.497848 0.140819 0.0586781 0.123659 0.0378146 1.14283 0.681169 0.206745 0.0275797 0.371584 0.622634 0.117501 0.0319417 0.296164 1.33521 0.678049 0.228582 0.733789 0.455444 0.200462 0.252369 0.479806 0.117776 0.687392 0.435156 0.090871 0.183691 0.127088 0.217978 0.116806 0.682368 0.128355 0.461047 0.535036 0.074343 0.557017 0.470679 0.206818 0.762645 0.464863 0.375512 0.532148 0.40827 0.0708991 0.191487 0.286401 0.234995 0.137719 0.0918741 0.713138 0.29064 0.402954 1.15507 4.92454 1.00532 1.08901 0.666447 0.323869 1.79739 1.25623 0.43777 15.9848 10.8618 2.1203 2.55664 7.71925 3.67195 0.353595 3.07271 0.221009 0.234378 0.0119048 0.455537 0.432136 0.161136 1.28412 0.989469 0.366151 0.131712 0.0596104 0.458201 0.512475 0.247345 0.152056 0.288681 0.358416 0.331353 0.86117 0.469962 0.402578 0.864652 0.192897 0.235483 3.0879 7.19152 0.566128 4.07694 27.0995 4.30076 5.27231 14.7374 0.191461 0.203849 0.234275 0.505232 0.352377 0.489475 0.435339 0.476589 0.0558675 0.0928339 0.134303 0 0.0567733 0.056417 0.0486515 0.0930458 0.646778 0.445089 0.448487 0.154262 0.353031 0.607696 0.496291 0.0899291 0.137942 0.244338 0.420079 0.478418 0.073802 0.248611 0.0834209 0.177495 0.1924 0.385011 0.334468 0.125405 0.298814 0.376993 0.564407 0.303383 0.339878 0.14095 0.398112 0.736187 0.0392222 0.266772 0.636982 0.133096 0.720558 0.60656 0.524663 0.622 0 0 0 0 0.897233 0.060486 0.0561093 0.0142857 0.522091 0.362188 0.197607 0.376225 0.0921403 0.109232 0.170159 0.109665 0.498588 0.208252 0.202243 0.0983212 0.738613 0.0883968 0.306633 0.858271 2.20512 0.912577 0.853568 0.72333 0.23815 0.144789 0.158829 0.269941 0.101418 0.241042 0.656916 0.603254 0.56453 0.503694 0.347029 0.213314 0.254334 0.62807 0 0 2.16335 1.3018 0.32616 0.774052 1.93132 1.02422 2.2509 1.07096 0.274217 0.290095 0.365558 0.196732 0.0910837 0.423487 0.894283 0.200337 0.966691 2.491 0.123867 0.317719 0.218303 0.365261 2.76403 1.06855 1.10665 0.523311 1.01331 0.805053 0.449935 5.01655 4.26808 0.915379 0.490582 1.96391 0.209247 0.302599 1.6653 2.18752 1.35132 5.37658 0.198395 0.449497 0.142657 0.576115 0.0301802 0.207364 0.0767524 0.118883 0.246749 0.67336 0.972408 0.417863 1.185 0.391959 1.85534 0.1796 9.3918 0.26154 3.69493 8.91768 0.705426 0.556736 3.71082 6.89719 1.43189 0.263396 3.78875 2.08309 1.19823 0.0560469 1.17163 0.0166667 0.81487 1.37828 0.449012 0.353892 0.053447 0.256888 0.180012 0.186721 0.252173 2.71993 0.653615 0.151431 0.0952123 0.0626607 0.336975 0.316975 8.52561 1.79434 1.29476 1.2802 0.999634 0.261266 1.7502 5.23542 0.982538 0.323605 0.948342 0.198651 0.190768 1.42656 1.97227 2.12077 0.548625 0.312791 0.200213 1.01415 0.703088 0.526724 0.817535 0.912923 0.0890659 0.0625627 0.153753 0.168213 0.331288 0.083178 0.118255 0.274693 0.846159 1.26123 0.08491 0.545552 1.61265 0.261307 1.0345 0.82227 0.523232 0.433515 0.615532 0.799517 4.91791 1.90493 0.321316 0.69964 0.475757 0.827797 0.456928 1.66269 2.65444 2.33336 0.811995 0.468192 0.683732 0.323 0.147996 0.108944 0.258833 0.400828 0.260382 0.250252 0.207742 0.180099 0.38003 0.165328 0.650768 0.217799 0.246598 0.182076 1.46583 0.788908 1.63459 0.960196 1.24218 0.421436 0.461751 4.70514 1.15331 0.447286 0.549971 0.234049 2.09152 3.09223 1.84781 1.07915 0.486834 0.0640143 0.132818 0.176299 1.29688 0.850743 2.78356 0.831647 2.58757 0.804563 0.163887 0.0540845 0.131532 0.345883 0.173982 0.394656 0.946214 0.525496 0.583498 0.13103 0.326568 0.226355 0.124873 0.366494 0.20074 0.310803 0.22425 0.0584309 0.963583 0.532454 0.33925 0.137502 0.101627 0.0824078 0.0809333 0.0117647 0.267945 0.0502089 0.588126 1.14542 4.09529 8.17165 3.0113 2.89689 1.61731 4.90986 1.16843 0.185445 0.322003 2.05896 0.300258 1.45202 5.82248 0.73089 16.4114 3.5339 0.252459 0.433233 0.0621156 0.140698 0.162396 0.24269 0.258919 0.213463 0.457841 0.16536 0.138762 0.37344 0.139582 0.165151 0.756021 0.034632 0.240985 0.0878173 0.188293 0.047837 0.745377 0.179846 0.121019 0.368092 0.0398246 0.138476 0.400449 0.584887 0.206001 0.250922 0.126707 0.0991675 1.25043 0.387235 1.32877 0.174035 0.219988 0.265152 0.30689 0.0249226 0.138081 0.0265845 0.187524 0.103972 0.184421 1.24734 0.63408 0.447275 0.50883 0.38552 0.193507 0.431938 0.755197 0.413893 0.256632 0.0766581 0.566403 0.113301 0.473229 0.124186 0.736583 0.552742 0.164403 0.109848 0.678031 0.671317 1.90429 1.83516 1.82959 1.50956 0.76035 4.82113 
6.41112 0.620751 8.62964 6.42266 33.5528 9.16711 0.388031 9.57159 0.148976 0.286591 0.526978 0.269316 0.846552 0.640028 0.392286 0.0534735 1.72673 1.8441 0.0870078 0.416463 0.707293 0.209439 29.079 1.61232 9.14862 13.622 2.19994 2.18148 0.602072 2.82038 1.70647 0.45234 0.296707 0.297426 0.258475 0.336358 0.894606 0.0848313 0.246062 0.229174 4.54435 3.94219 4.15549 2.51381 0.242412 1.83589 0.308729 0.872596 0.242616 0.274344 0.336808 0.282934 0.411488 0.618634 1.57862 0.677034 4.40871 0.544782 0.264643 4.61937 1.1987 0.900165 0.593048 0.806935 2.31666 4.04783 0.49127 0.16867 0.414765 2.54237 1.69538 0.88458 0.270883 0.517386 0.21214 0.134712 0.542205 1.30102 1.92196 1.34092 0.788801 0.54859 0.734903 0.34522 0.208724 0.53722 0.572974 0.422996 5.23423 0.698292 1.41104 2.34648 1.5016 6.3509 1.18477 0.0408001 0.09679 2.06574 12.3967 0.314301 0.782709 1.05223 0.386163 0.456742 1.02599 1.09054 1.09859 0.377747 0.260911 1.61204 1.31825 0.583639 0.219762 0.0667366 0.101666 0.195016 0.147943 0.26232 0.198992 0.0435812 0.761458 0.329705 0.823114 0.689144 0.199 0.197181 0.682655 1.61359 0.25398 0.419582 0.7901 1.21944 0.156897 0.152601 0.0694642 0.0956263 0.122466 0.394008 1.80719 1.19957 0.22263 0.358083 0.101531 0.968773 1.03145 0.992148 0.610428 0.324075 1.17789 1.56757 0.407431 0.132011 1.06893 0.445965 0.96744 0.216163 0.112727 0.107046 0.485606 0.248473 0.101606 0.136323 0.119028 0.383989 0.0622162 0.132526 0.197033 0.052352 1.15648 0.216818 0.478303 0.0899269 0.226143 0.322327 0.240719 0.0959351 0.532977 0.127236 0.861677 0.113407 0.27545 0.283657 0.41888 0.15867 0.401969 0.105913 0.242596 0.243109 0.0782027 0.439578 0.0823361 0.267761 3.61644 2.87561 0.400042 2.32262 1.8657 0.554208 0.607922 0.190535 0.430429 0.176544 1.1827 0.460252 0.0578731 0.373476 0.324414 0.264673 0.491373 0.448702 0.386518 0.129907 0.809875 0.204822 0.712008 1.19492 1.37859 0.229109 0.680365 0.156032 2.36156 1.62114 0.484173 0.416909 0.05275 0.153975 0.747623 0.143826 0.282907 0.121809 0.257072 0.103631 0.675728 0.200922 0.227208 0.629598 0.156967 0.038396 0.256208 0.0413725 0.319159 0.0751465 0.0144928 0.0971684 0.636949 0.310916 0.191354 0.288363 0.888832 0.47381 0.34173 0.12172 0.398142 1.36697 0.676758 0.378506 0.18222 0.0766441 0.0550401 0.0105263 0.139865 0.0595457 0.0274254 0.145082 0.173049 0.246144 0.0363636 0.0253327 0.290734 0.102322 0.174055 0.0281914 1.07598 0.464949 0.56752 1.36143 3.8934 0.259638 0.168046 0.337115 0.397193 0.877747 0.0677288 0.0546246 3.16245 3.35964 0.349585 0.875993 0.423963 3.08588 0.951676 2.0644 2.43041 1.6228 1.20585 0.309723 1.26153 0.525438 0.387768 0.679104 0.615149 0.241397 0.0276506 0.224624 0.34186 0.126382 0.192787 0.126138 0.126682 0.105954 0.0951193 0.0548394 0.14916 0.248215 0.422648 0.154185 0.627853 0.103559 0.243027 0.112409 4.94784 1.77946 9.75091 2.24718 0.179387 1.29553 0.601169 0.171069 4.59134 3.77132 2.9266 0.471407 0.409292 0.179077 0.320379 0.369197 0.11289 0.0417378 0.233335 0.248993 0.0912106 0.054851 0.153311 0.198016 0.0302832 0.0133333 0.121063 0.0526319 0.161955 0.0633762 0.153567 0.55699 0.470033 0.199286 0.277622 0.345425 1.36887 1.92988 0.365709 1.60329 0.148688 0.423708 0.410808 0.320796 0.684128 0.353042 1.10869 3.80061 2.10117 2.5762 2.15977 0.861754 0.171706 0.221811 0.0261613 0.0922564 0.316291 0.449075 0.358368 0.158314 3.40617 1.85074 1.86197 0.153971 0.283854 0.23117 0.127658 0.0703503 0.560252 0.338175 0.965224 1.12618 1.04461 1.8379 2.87797 1.15103 0.694628 1.98917 1.06252 3.98199 0.114401 0.0353616 0.226541 0.215757 0.0178571 0.0279707 0.178035 0.0359318 0.0258161 0.0707593 0.100386 0.158633 0.216247 0.207215 0.0274178 0.0300866 0.342379 0.0433467 0.0830278 0.119939 1.01321 0.827878 0.668667 0.444046 0.986372 0.226606 0.699731 0.391896 0.0247253 0.313 1.23471 0.471276 0.354693 0.486581 0.554733 0.373086 0.706163 0.327049 0.992087 1.13025 0.287973 1.15053 1.55697 0.80822 0.699719 1.73701 1.5171 0.661248 0.271826 0.252291 0.22564 0.289893 0.17815 0.269908 0.314374 0.939581 0.585944 0.599966 0.482362 0.561715 4.64981 0.960963 0.652817 1.6189 0.186703 0.0892498 0.126751 1.26522 0.287552 0.0252061 0.176866 0.228577 0.158205 0.273556 0.205896 0.230578 0.612224 0.211904 0.148881 0.232045 0.383185 0.4205 0 0.0517342 0.116876 0.185426 0.0376239 0.0616445 0.608855 0.173101 1.33839 1.30706 0.464927 0.383862 0.281735 1.77139 0.107683 0.244023 0.287505 0.401979 0.0734185 0.0625891 0.290693 0.573887 0.144638 0.657862 0.61536 0.461241 0.225116 0.258307 0.311014 0.616078 
6.05872 2.86289 1.43831 20.053 0.469897 0.435231 0.208091 0.135187 0.448005 0.616349 0.435272 0.210569 0.571509 0.306404 0.534865 0.558187 0.930112 0.658887 0.939244 1.97964 0.600808 0.16092 0.441494 0.282081 2.62902 4.52693 4.15492 1.30894 2.37276 4.99672 3.20192 0.377001 1.77673 0.447322 0.958854 0.271086 0.70481 0.694466 0.603247 0.323459 0.308507 0.117882 0.27132 1.24272 1.65225 0.613732 0.491548 0.189513 0.557404 0.301535 0.180545 0.297341 0.279897 0.399973 0.200481 0.346812 0.171077 0.754726 0.268775 0.0731072 0.183639 0.457478 0.640938 0.0839065 0.295492 0.150761 0.154601 0.165287 0.838518 0.789844 0.444461 0.26904 0.200048 0.569037 0.849728 1.8333 1.84701 1.92576 0.684181 0.216919 0.544568 0.331415 0.115616 1.83351 0.328984 0.462979 0.406412 0.379336 1.51789 0.432643 0.454852 0.157032 0.442884 0.327947 0.232743 0.0248276 0.198171 0.301867 0 0.12838 2.90827 0.585376 1.87354 3.77026 0.364535 0.47665 0.251871 0.0554779 0.192956 0.524322 0.23511 0.569354 0.323671 0.299738 0.233692 0.325156 0.677125 0.230965 2.18619 1.42091 0.28252 0.393366 0.203245 0.0853405 0.333021 0.260777 0.82165 0.299249 0.469248 0.233907 0.225614 0.293943 0.357766 0.78478 0.723347 0.849539 0.318723 0.178557 0.194072 0.0376582 0.405029 0.816585 0.542492 0.456487 0.0768563 0.177267 0.463768 0.108523 0.172955 0.507824 0.0466581 0.0700431 1.30669 1.07334 0.462683 1.32325 1.04357 1.03809 0.700853 1.16803 0.377956 0.0534314 0.0638322 0.158155 0.266278 0.675181 0.497738 0.961042 0.786011 3.23268 0.6694 1.53187 0.340221 0.650501 0.974621 0.209746 0.8263 0.336604 0.177444 0.267401 0.277869 0 0.199964 0.0144928 0.0534168 0.0633466 0.15599 0.070711 0.0655178 0.141449 0.012987 0.216609 0.213949 0.717783 0.218854 1.43137 0.157558 0.120986 1.89495 0.476801 0.297093 0.154875 0.371798 0.324622 0.204479 0.221453 0.244733 0.0501473 0.368579 0.186443 0.298281 0.414656 0.135231 0.17467 0.414262 0.110377 0.480189 0.0825451 0.0956122 0.265818 0.149172 0.537179 0.149935 0.176 0.268422 0.236543 0.287797 0.703667 0.803213 0.0496995 0.180257 0.18026 0.0847453 0.164515 0.472814 0.0684968 2.36639 0.508514 0.742603 0.277197 0.50543 0.494751 0.129421 0.535065 0.308155 0.508299 0.311756 0.338037 0.117945 0.426257 0.370942 0.473624 0.85513 0.144471 0.165308 0.0650767 2.28764 1.86621 2.22524 1.7334 0.253459 1.58508 0.894172 0.268944 0.329423 0.152184 1.04669 0.26755 0.11761 0.0343358 1.83401 1.96717 1.23514 0.725274 0.747994 0.704796 0.0933667 0.228151 0.89997 0.3692 0.301607 0.0806129 0.44821 0.0383513 0.129627 0.171177 0.662409 0.0872841 1.02838 1.49163 0.674788 0.840753 0.551292 0.0943188 0.119318 0.481595 1.4619 2.97552 0.3695 0.637093 0.317208 1.43133 0.899678 3.8629 0.487239 0.45645 0.64062 0.311034 2.43091 1.33489 0.252293 0.764495 0.179374 0.458979 0.0551856 0.196592 0.257348 1.62539 0.742932 0.463077 0.685985 1.04755 0.133168 0.805561 0.206646 0.561966 1.7793 0.659349 0.773822 0.389421 0.0579868 0.0550062 0.0599147 0 0.0794565 0.118427 0.591991 0.270878 0.423767 0.161898 0.448697 0.550965 1.28057 0.812506 13.9545 4.02437 8.40719 18.1223 2.52338 1.84393 0.961109 0.536663 0.322999 3.61889 0.770489 1.42615 2.01746 2.77888 0.19598 1.49125 1.25758 0.15951 0.28285 0.306677 1.26347 1.35841 0.750584 2.51585 0.465709 0.0240964 0.0506698 0.12611 0.107012 0.15195 0.123144 0.142492 0.994398 0.566891 0.0888899 0.247597 0.230643 0.0864295 0.129057 0.195392 0.176578 1.26612 0.527299 0.372695 1.64802 0.541401 0.0767938 0.347689 0.141751 0.0809054 0.415866 0.484786 0.0868906 0.0759221 0.306558 0.100739 0.117655 0.0936371 0.12618 0.0283816 1.46668 2.4734 2.31352 0.860083 0.305917 7.25912 0.426157 2.96533 2.20361 0.675825 2.50083 1.08835 0.137186 0.502722 0.621832 0.194682 0.0733233 0.0114943 0.0135135 0.0254183 0.0494129 0.363734 0.158805 0.142413 0.130159 0.0295139 0.110287 0.0481914 0.797384 0.312138 0.91053 0.365036 0.0578058 0.0835357 0.427897 0.452649 0.155387 0.248889 0.0288981 0.0204082 0.230074 0.0936033 0.417615 0.16876 8.5808 14.0256 0.192264 1.14759 4.92849 0.373495 11.4543 2.26434 0.867666 0.870676 8.65216 4.13501 2.91295 4.10773 2.16576 2.25283 0.778618 0.245533 1.92836 13.7929 1.67695 0.705276 0.567092 0.222018 1.47135 4.35543 0.40567 0.218781 0.846412 2.29637 1.34238 1.02646 0.121388 0.392176 0.279192 0.0342245 0.241964 2.03266 0.716381 0.692664 0.846194 0.383165 10.8285 5.82166 0.913215 2.60621 2.84508 0.239034 0.0236894 0.0391169 0.801841 0.732425 0.716475 0.525264 0.28429 0.338063 0.154127 1.41758 3.0356 1.94149 0.271673 0.385432 3.46502 2.81751 
0.165319 0.569871 1.7321 0.479466 0.27642 0.568015 0.172213 0.0899685 0.117149 0.0718426 2.10903 0.119421 0.210852 0.0617862 0.641195 0.276157 0.530126 0.120144 0.242707 0.332299 0.306934 0.114365 0.905745 0.123509 0.500856 0.510954 0.159567 0.168613 0.206021 1.81899 2.1466 0.802262 0.0263889 0.0136986 0.451092 0.0960995 0.076217 0.239809 0.126915 0.218287 0.458898 0.195626 0.121795 0.0469423 0.33597 0.102658 0.0276506 0.0412913 0.442762 1.22611 0.023953 0.252148 0.453351 0.0993995 0.232756 0.0743244 0.19324 0.126091 0.306446 0.267582 0.330532 0.547048 0.481874 0.619432 0.942288 0.582014 0.904229 2.01883 2.09204 0.705515 0.776297 0.342201 0.687934 0.320454 0.610067 0.17099 1.26907 0.515444 0.978121 0.703119 0.52351 0.817371 0.916975 0.213213 0.369369 0.249461 0.25956 0.182037 1.51841 0.306804 0.300095 0.151039 0.141199 0.335894 1.20753 1.09521 0.180458 0.38271 1.09246 0.133734 0.424957 0.311671 0.834881 0.165777 0.53589 0.205987 1.05773 0.0985467 0.29288 0.0930675 0.304771 0.0431792 0.0428466 0.105123 0.350498 0.0525629 0.27375 0.0802655 0.170706 0.0645639 0.575224 0.107897 0.291544 0.202661 0.409449 0.102445 0.0508748 0.186614 0.0763135 0.205615 0.0941791 0.795238 0.213746 0.156109 0.0349531 0.156175 0.0403801 0.0622434 0.0639729 0.0475431 0.0763251 0.0915936 0.359922 0.447787 4.58068 0.0563901 0.154901 1.24052 0.115017 0.096616 1.40657 1.26091 0.0246521 0.461282 0.243587 0.0538095 3.55247 1.1277 2.1135 1.13237 0.210572 0.279748 0.434227 0.0530877 0.17298 0.110284 0.0902532 0.325567 0.0971921 0.147909 0.140834 0.239168 0.215061 0.0147059 0.224731 0.21287 0.015873 0.104576 0.151559 0.972353 0.209693 0.297334 0.259696 0.195526 0.190172 0.343028 0.39097 1.00658 0.0828025 0.194057 2.13367 0.224707 0.23431 0.280749 0.498169 2.03881 0.775269 2.47068 0.161012 1.16842 0.179246 0.951164 0.277887 0.35087 0.897956 0.573076 0.413391 0.0663631 7.15661 4.4288 0.516821 0.362271 0.235073 0.143977 1.01891 0.499265 0.398266 0.0492452 1.26099 1.76027 3.93369 4.21553 2.41209 4.67895 0.408504 0.848936 0.659724 1.13055 3.85913 4.02563 1.72225 1.4771 0.719206 0.788205 1.04295 4.56514 3.03508 0.646553 1.96352 1.56528 0.203806 0.683463 0.208131 0.149527 0.0936037 0.120225 1.07793 0.309982 0.219631 1.29966 0.335287 0.781198 1.54784 3.96764 1.39793 0.26445 0.12656 0.0951154 0.0763007 0.103995 0.111633 0.149096 0.0754554 0.0742273 0.141519 0.712972 0.393094 0.276627 0.919572 0.409057 0.134304 3.42983 0.310745 0.150982 1.22859 11.9422 14.5805 0.746435 0.89092 1.13185 0.449964 0.165026 0.365175 0.405326 0.894618 3.36326 0.657413 0.182864 0.174076 1.39707 3.52234 0.811544 0.181927 0.0384361 0.409939 2.64452 0.350327 0.549613 0.438461 0.865331 0.240368 1.05706 1.07974 0.150862 0.125897 0.153064 0.278525 0.15354 0.0981687 0.111152 0.133096 0.0707474 5.81238 0.198696 18.9692 0.273598 0.847074 1.33937 3.93031 2.17954 4.12258 2.80443 0.296045 18.3257 0.589505 0.746243 3.18285 3.73049 1.80333 15.3177 2.8239 22.7329 4.49529 5.705 10.5884 3.56677 0.817795 2.29508 0.947232 0.52022 0.230236 0.234002 0.346452 0.312137 1.73671 0.181577 0.710376 2.17182 0.641348 0.147959 0.698005 0.424978 0.464705 0.70941 1.16081 0.50046 0.413706 0.875119 0.902832 0.594537 2.21723 0.483077 0.726891 1.18597 0.155795 0.260607 0.354967 0.289267 0.462132 0.703145 0.571079 0.413885 0.34663 0.409143 0.141548 0.662957 0.771319 0.451505 0.314114 0.498339 0.160839 0.286754 0.144116 0.229181 0.0969182 0.291988 0.316459 0.0874365 0.735319 0.211255 0.341349 0.114574 0.0351115 0.128268 0.360462 0.157842 0.748266 0.478759 1.97354 1.39622 1.41198 0.338204 1.79786 2.47295 0.341657 0.30621 0.846115 1.13724 1.04613 1.06679 0.174281 0.0570849 1.18568 0.37982 0.425323 0.360905 0.63281 0.373003 0.125674 0.378992 0.20684 0.390728 0.437436 0.387153 0.550983 0.0537733 0.2452 0.546744 4.90939 3.67047 2.09334 0.441536 0.0267094 0.15388 0.0925391 0.0429552 0.137082 0.160497 0.399369 0.185004 0.240514 0.206743 0.908893 0.186276 0.527373 0.161653 0.225481 0.0834974 1.16143 0.500561 0.501781 1.03714 0.492721 0.599619 0.97547 0.396991 1.81134 2.27666 3.20058 0.0456869 0.475526 0.712879 2.30984 0.287632 0.286526 0.309607 0.292658 0.229548 0.446139 0.230193 0.147435 0.255103 0.68106 0.404564 0.0791122 0.162996 0.926146 2.12069 0.413532 0.0692585 0.979163 0.397541 0.224034 0.0806902 1.16863 1.40466 3.57463 0.750373 1.42368 0.315911 0.618394 0.857678 0.708443 1.03181 1.47714 0.588744 0.669661 3.21042 1.03286 0.07703 1.12209 3.17258 5.91736 0.768634 0.308796 1.18773 0.487581 0.253093 0.377224 1.14197 2.65311 1.63298 
4.79175 3.64133 6.33846 0.575908 4.53711 3.3036 0.581616 1.11086 5.96913 0.340695 0.183862 1.56407 0.0781321 0.0352537 0.156141 0.0478161 7.48264 3.81478 5.6856 0.986712 3.26252 2.66943 2.2169 7.03117 2.217 42.6259 12.8515 1.38915 2.9717 0.618656 0.500036 0.0809128 0.196717 0.876326 0.451922 0.461391 0.829712 1.12125 0.603259 0.103314 0.285209 0.0949684 0.305487 0.119168 0.065209 0.0126582 0.226098 0.0532175 0.0997703 0.252032 0.192059 0.161732 0.044693 0 0.0238596 0.054547 0.454979 0.221497 0.327545 0.135231 0.680232 0.170721 0.588164 0.629004 0.137723 1.02095 0.370849 0.361732 1.73035 4.38306 0.475497 6.59948 0.53534 0.340107 0.454651 1.47382 0.743081 0.259834 0.303198 0.0715287 0.158795 0.310408 0.150299 0.426746 0.846582 0.215187 0.0908475 0.0386449 0.871262 0.492253 0.105096 0.315197 2.13028 1.02834 0.66044 1.19536 0.599397 0.0888303 0.174462 0.106413 0.212785 0.0140845 0.225981 0.254076 0.595443 0.347713 0.276582 0.341688 4.52729 4.70396 0.712154 1.34503 0.0316284 0 0.0204082 0.60451 0.497208 0.302184 0.0565529 0.445013 0.180831 0.274097 0.369266 0.508672 0.369856 1.22302 0.0921056 0.111763 0.498936 1.20354 2.84966 0.420427 0.294608 0.0702514 0.288072 0.0525632 0.0563393 0.271449 0.43302 0.387261 0.0108696 0.0300921 0.0399386 0.0172414 2.60272 1.66217 2.40019 2.50131 1.08991 7.46558 0.299223 2.4225 0.568679 0.886934 0.784192 1.73304 0.368332 2.36041 0.457898 0.805314 0.538653 2.33563 1.98079 0.447396 1.21042 2.7655 1.51443 1.13746 0.0869833 0.0576215 0.356875 0.385068 0.45619 0.209256 0.0356015 0.229594 0.327022 0.543431 0.510788 5.44966 0.598114 1.31521 0.272465 0.706797 0.0524746 0.250762 0.0948201 0.0953902 0.0445709 0.157903 0.14714 0.101395 0.130423 0.124868 2.92468 4.37882 1.86832 0.194916 0.191522 0.270876 0.227014 0.953919 1.78487 23.8561 2.14553 0.112597 0.242586 3.33281 0.707052 15.5887 0.125786 1.33812 0.805737 2.53966 0.738893 0.868039 0.0428116 0.17656 0.151575 0.0372144 0.534755 0.921622 0.0496283 0.0266667 0.163692 0.0666943 0.103558 0.0256034 0.0439068 0.0153846 0.131172 0.12324 0.414248 0.238776 1.98943 0.614184 0.184488 0.717839 0.263699 0.263764 1.25965 0.249192 0.479782 0.153358 2.12624 0.713585 2.74735 4.57405 1.35067 0.787341 0.702846 4.07742 0.025353 0.868887 1.49992 0.111895 0.218598 0.192893 0.220617 0.46381 0.327907 1.35736 0.578764 0.403663 0.150551 0.245902 0.152383 0.331344 0.0498935 0.140243 0.892916 0.124727 0.422767 0.234103 2.34592 1.62875 0.17546 0.741272 0.550801 0.355802 0.681718 0.119138 0.225195 0.159948 0.252637 0.36169 0.0961046 0.20012 0.0481963 0.0410217 0.138903 0.0249612 0.0862728 0.0900934 0.122126 0.0389912 0.328144 0.464389 0.228224 0.104524 0.632833 0.38647 0.0850423 0.501635 0.623464 1.53694 0.56319 1.96093 0.596454 0.730289 0.163035 0.61457 0.0343767 0.439318 0.250867 0.129033 0.512773 0.165144 0.967837 0.433727 1.19478 0.525904 0.281354 0.237583 0.428238 0.677233 0.869568 0.526854 0.660383 0.698737 1.70326 0.356227 0.434796 0.355078 0.0284389 0.174068 0.409035 1.32524 0.94407 1.24803 0.138498 0.191043 0.292836 0.145989 0.489328 0.278777 1.18914 0.275514 0.369943 0.699384 0.678547 0.340567 0.126589 0.406331 0.175913 0.483265 0.0511795 0.0521685 0.176392 0.159241 0.155101 0.0255285 0.218455 0.277914 0.0513701 0.0366826 0.283038 0.290056 0.260157 0.107857 0.0490569 0.044916 2.42059 3.24757 1.28247 0.557885 0.933075 0.305009 0.130125 0.205362 0.0423277 0.0277992 0.298838 0.353722 1.03944 0.519946 0.689597 0.621473 0.537165 0.54827 0.851598 0.267712 0.31875 0.178959 0.309566 0.150054 0.564388 0.138844 0.0997089 0.200341 0.0239736 0.0408131 0.0428779 0.0839264 1.70377 0.39869 0.328777 0.72025 0.144307 0.040733 0.099799 0.0149254 0.970151 0.727546 0.160714 0.0905863 0.276271 0.070242 0.138967 0.0355809 0.558784 0.200926 1.14774 0.414062 0.0131579 1.01508 0.419215 0.122047 0.161414 0.178539 1.24885 0.312315 0.0841535 0.331591 0.479366 0.224912 0.730024 0.409138 0.415723 1.02423 0.335744 0.131681 0.037764 0.0397635 0.239966 0.241041 0.280509 0.367196 0.58378 0.609719 0.181354 1.27196 0.420095 0.25027 0.398296 0.0745034 1.54172 2.03535 0.229301 0.415138 0.706248 0.698342 1.58977 4.32081 0.0420849 0.209234 0.526452 0.585157 0.160911 0.108042 0.0236695 0.0418042 0.395112 2.42332 0.312622 1.12759 2.36358 1.19239 1.69366 0.248991 0.28615 0.540728 0.226066 0.280155 0.368143 0.211802 0.11827 0.198893 0.103192 0.0834804 0.158182 0.241104 0.244274 0.229217 0.119409 0.136379 3.40543 3.53991 2.27958 5.32749 0.289187 0.169569 1.03041 0.611641 0.358019 0.820155 4.98234 18.0112 0.648543 1.57586 0.139353 1.67953 
0.892799 4.7485 0.572529 0.319632 20.5964 1.50992 0.455877 0.368236 4.2995 13.8516 0.0945969 0.34297 0.0924804 0.403638 0.0233926 0.440123 0.0208333 0.0971382 0.0683864 0.108472 1.50755 0.114957 0.727657 0.838699 0.653652 0.263488 0.102561 0.211722 0.331166 1.96583 0.337457 0.933154 0.252286 0.0821494 0.195247 1.07372 0.0791964 0.186067 0.0231222 0.05494 2.53502 2.57383 2.38773 7.92552 9.10296 6.00498 23.3077 2.31751 0.128482 0.227382 0.150238 0.204046 0.191968 0.113643 0.388845 0.291694 0.331171 0.612954 0.139604 0.0679883 0.172288 0.168492 0.046541 0.162405 2.45951 1.7329 5.87734 1.52115 0.0253815 0.179039 0.0660231 0.214436 0.17904 0.134512 0.913433 0.582507 0.246719 1.51174 0.304331 2.55294 0.366881 0.39015 0.565731 0.339336 0.283877 1.05811 0.344756 0.331002 0.597219 0.627752 1.76764 0.365064 0.424172 0.532914 0.24428 0.348185 5.24326 1.97411 7.38875 0.800717 1.67542 2.05418 2.79164 0.702173 0.50807 1.12441 0.714414 1.56562 2.34278 0.818219 0.135991 0.231278 0.750985 0.398344 0.415362 0.269722 0.133017 0.023823 0.172304 0.235459 0.299237 1.30228 0.743088 3.87426 3.20848 3.5727 0.517747 1.14186 0.243567 1.92145 1.24262 1.50458 0.287141 0.615806 1.34594 2.61957 1.16133 0.264488 0.350778 0.746043 0.297652 0.387117 0.186818 0.220999 0.0593767 0.117765 0.244229 0.657515 0.135348 0.274226 0.161827 0.235941 1.19731 0.49192 1.10014 0.30579 0.120582 0.0780298 0.126247 0.161072 0.319777 0.0386905 0.378934 0.476928 0.0939553 0.165327 0.130043 0.0374665 0.463197 0.575805 0.548328 0.340874 0.309992 0.271945 0.209587 0.199872 2.70543 0.468652 0.0868755 0.827917 0.359779 0.128946 0.0518957 0.484673 0.196849 2.22977 2.2547 0.42999 0.688982 0.850201 1.75469 0.958599 6.21085 1.4427 0 0 1.45756 0.147819 3.38812 0.909843 0.289325 0.572565 0.2192 0.297066 0.506787 0.393812 0.205685 0.266026 0.712016 0.609278 0.744028 0.517532 3.40727 1.58248 0.583023 0.941283 0.413672 1.12108 0.978965 0.211854 0.411047 1.02759 2.11288 0.116645 3.89486 20.9528 0.563068 2.07544 0.710658 1.70846 4.51647 5.25361 1.29041 0.655083 0.513805 1.34519 0.140883 0.13194 0.504436 0.252956 1.85625 0.730677 0.207016 0.292702 0.414233 0.746628 0.311827 0.0251929 1.04401 1.74366 0.91794 0.438066 0.904093 0.129264 2.01065 1.1759 2.29627 0.80438 2.01122 0.368622 0.947619 0.548786 0.0983898 0.498634 0.282617 0.130078 0.0829783 0.359293 0.672685 0.458236 0.168285 0.451539 0.312786 0.182061 0.876185 0.511181 0.662045 0.895635 0.228495 1.15828 0.461295 0.406703 0.366305 0.317512 0.259361 0.0421031 0.292709 0.428393 1.07086 0.268455 0.23061 0.697806 2.47001 0.912757 1.24511 1.40066 0.78873 0.489399 0.351069 0.133779 0.276674 1.54963 0.332623 0.367394 3.12442 0.2441 0.429331 0.686331 0.615079 0.051281 0.293673 0.190872 0.457668 0.735863 0.186093 0.434361 0.063537 0.145099 0.256796 0.22401 0.283918 0.849908 0.638303 0.295848 1.01824 3.11907 0.335363 0.302556 0.0451557 0 0.312193 0.170414 1.37282 0.64215 0.225085 0.710523 0.812839 0.212322 0.282578 0.231829 0.619734 0.336097 0.17167 0.459629 0.146302 0.130797 0.123656 0.0598384 0.206734 0.147715 0.294838 0.271959 0.79075 0.307632 0.102753 0.370145 0.516179 0.343382 0.971605 0.152505 0.274297 0.404412 0.391148 0.268863 0.730432 1.23902 0.113665 0.0710813 0.0265845 0.0278638 0 0.0435754 0.262845 0.0935697 0.16927 0.113787 0.150354 0.0511562 0.0298507 0.0119048 0.0863635 0.114386 0.251906 0.0897625 0.67568 0.536832 0.281918 0.127135 0.0641145 0.076247 0.0265191 0.0291461 0.386588 0.721156 0.313651 0.176319 0.24832 0.0829827 0.616059 0.227726 1.14982 1.06829 0.542768 0.945217 0.330339 0.254132 0.184376 0.167261 0.327961 0.34286 0.634317 0.225687 0.456604 0.155148 0.0422078 0.128843 0.287381 0.739405 0.104957 0.0848724 0.705293 0.188489 0.230265 0.041918 0.168131 0.172597 0.124891 0.43048 0.163151 0.24752 1.84321 2.77598 0.606028 0.280058 0.49649 0.465999 0.770055 0.473318 0.167017 0.500582 1.26935 1.11309 0.123674 0.315641 0.226352 0.234497 0.185219 0.0706639 0.22247 0.149372 0.0842722 0.140345 2.92276 1.43785 0.772716 0.181374 4.33893 0.370098 5.27492 5.32848 0.275297 1.65105 0.212669 1.99894 7.26232 6.04376 0.585019 3.3883 0.539271 5.3649 0.100392 1.7998 0.691246 0.420192 1.63002 2.13027 2.31883 1.98238 1.50971 0.738376 0.219294 0.100071 0.39503 0 0.448519 0.584476 0.0907514 0.112351 0.0682906 0.231641 0.157568 0.0818368 0.832292 0.528315 0.605394 0.836558 0.0414818 0.203158 0.105616 0.264144 0.124629 0.0969035 0.341918 0 0.855013 4.8475 1.31064 4.13177 1.34719 5.91327 0.623703 3.6052 
1.01977 2.12122 4.72108 0.62817 2.15462 0.492761 6.21812 0.58291 1.078 1.64424 0.0518962 0.667263 0.105655 0.690198 3.83535 1.59653 0.150637 0.0436389 0.148556 0.0990396 0.125155 0.0398896 0.0920843 0.0399972 0.148446 0.137912 0.139159 0.144817 0 0.157394 0.204781 0.0246951 0.288183 0.147034 0.152126 0.123826 0.404664 2.87575 2.51345 0.317642 0.813555 0.877519 0.407269 0.202974 5.045 2.72622 1.34529 1.54742 0.0969792 0.716065 0.917662 0.4885 4.52942 2.46756 2.1293 1.30602 7.06911 1.29592 10.8684 6.27011 0.598421 0.80154 0.290832 0.201985 1.3811 12.4243 1.85461 2.58466 0.835239 0.99204 2.33847 1.29094 0.985204 0.0738166 0.977961 2.16599 0.178207 0.222522 0.6751 0.607457 0.443323 2.07857 0.935671 0.157183 0.212979 0.773558 0.194648 0.35881 0.346384 0.458036 0.253862 0.139344 2.66299 0.298598 1.4344 0.492512 0.152732 0.863521 0.628519 0.452015 0.600796 0.684607 0.36484 1.199 0.70731 0.116181 0.457706 0.113015 2.05095 0.0943437 0.296339 3.09043 0.430612 0.32246 0.279184 0.346075 0.498508 1.5513 1.08615 2.69768 0.298305 0.066338 0.151612 0.184606 1.76095 0.258546 0.085721 0.180288 0.940143 0.410022 0.202663 0.269029 0.126413 0.101426 0.0473648 0.584756 0.829461 1.12476 1.52854 7.99268 3.50374 2.85625 0.428449 1.06363 30.0189 4.09162 4.03342 0.818561 0.674609 1.35489 19.6091 18.0985 11.6804 18.7622 0.181593 0.218097 3.36434 2.51222 5.35712 0.851973 3.59133 0.437202 1.66595 1.26531 0.382376 3.02191 2.37288 2.29669 0.286839 0.755587 0.631171 0.498129 0.138669 0.335551 0.318496 0.11512 0.247359 0.13949 0.453629 0.619522 0.399591 0.114357 0.0512531 0.12954 2.42596 0.458179 0.593112 0.681148 0.627016 0.0766357 0.593935 8.66119 0.176511 0.456333 0.137802 0.580984 1.04733 1.05168 0.831571 0.328723 0.0504086 0.19075 1.00507 0.154201 0.508679 0.371703 0.0773677 0.15159 0.420027 0.208654 0.956598 1.55464 0.302958 0.956769 0.598777 1.00921 0.780203 0.0946401 0.365645 0.0834789 0.286414 0.238464 1.1414 0.179111 0.0497639 0.0832209 0.110413 0.0954136 0.0119048 0 0.293093 0.157479 0.0147059 0.0120482 0 0.0534401 0.0804292 0.0204082 0.0345037 0.0795778 0.120144 0.246614 0.375507 0.21756 0.116759 0.318076 0.196852 0.486372 0.0404197 0.53952 0.256099 0.038202 0.287757 0.413414 0.0969698 0.324154 0.560452 0.565438 0.79778 0.349318 1.16505 1.47513 0.83172 0.82189 3.56245 3.64945 0.499927 1.20675 1.33235 2.97143 0.651986 0.812121 0.125909 0.476345 0.235968 0.17373 0.50264 0.0776038 0.301762 0.0254787 0.243946 0.470121 0.34285 0.358407 0.582499 0.402999 0.543182 2.38199 0.558959 0.517338 0.0383075 0.295556 0.253183 0 0.130991 0.590729 0.191158 0.115527 0.127055 0.363987 1.26555 0.214022 0.493529 0.878082 2.10792 0.159985 1.14676 0.646217 0.583382 2.94583 0.503003 1.44459 5.50871 1.59903 1.25533 1.24471 1.3764 0.193068 3.24967 1.76451 0.124347 0.120564 1.41743 1.34459 0.13332 0.038676 0.383472 0.280061 0.179517 0.298711 0.154309 0.0349009 0.207978 0.0762921 0.215238 0.355303 0.185926 0.113923 0.381981 0.0518819 0.182612 0.0117647 0.1415 0.122773 0.0388665 0.156693 0.0995954 0.135457 0.446045 0.429283 0.0282194 0.0266714 0.102122 0.112221 0.0718721 0.108679 0.0940059 0.119907 0.395181 0.246507 0.0114943 0.112738 0.341864 0.317786 0.157965 0.0798332 0.172934 0.186183 0.0131579 0.0256034 0.0144928 0 0.0588962 0.0114943 0.0713377 0.0385714 0.279963 0.56972 0.400425 0.133385 0.135533 0.307385 0.202626 0.336597 0.285962 0.631523 0.399512 0.469811 0.591712 0.606293 0.492745 1.20518 0.0981993 0.425344 0.23353 0.412611 0.565338 0.952928 0.136854 0.100612 0.133477 0.259887 0.0584389 0.118406 0.0990958 0.13475 0.0274755 0.0907731 0.275743 1.53021 0.886058 0.522281 0.853676 0.451759 0.416009 0.181383 0.0651565 0.0778742 0.010989 0.479484 1.46295 0.496435 0.623231 1.04299 0.0959008 0.0401506 0.489759 0.321121 0.142773 0.106079 0.218576 0.130426 1.26331 0.299917 0.157352 0.176824 0.994794 1.2201 0.393324 2.30417 0.118398 0.425668 0.0655103 0.0259893 0.0863187 0.187729 1.4038 0.524256 0.297829 0.190369 0.227017 0.25245 0.0404762 0.0738194 0.120806 0.0400657 0.552785 0.0319473 0.723014 0.197206 0.229104 1.21818 1.27817 11.3913 0.439797 0.644423 0.335283 0.19697 0.391786 0.155102 0.660655 0.138352 0.480223 2.61708 0.236596 0.102894 2.10983 0.736405 2.18526 0.368736 0.567007 0.761807 3.81468 2.47526 0.182376 0.421489 0.136221 0.157697 0.462132 0.119014 0.0790165 0.136367 0.135339 0.052638 0.492298 0.107212 1.1609 0.56681 0.895661 0.416742 0 0 0 0 0.385225 0.330601 0.0718028 0.530345 1.15561 0.109845 0.0601634 1.51345 
0.158831 0.323682 0.156641 0.0976393 0.435739 0.191353 0.0988601 0 0.0946394 0.134017 0.110229 0.100484 0.145581 0.212127 0.113624 0.405736 0.0711778 0.0503828 0.0169492 0.0131579 0.157346 0.222408 0.023736 0.0279707 0.190627 0.0564822 0.0404185 0 0 0.0372268 0.0832933 0.0438715 0.82928 0.558479 0.149021 0.233945 0.599362 0.537324 0.227728 1.68954 7.80546 5.12999 5.86862 2.88682 3.19505 2.22988 3.15037 0.409561 1.20829 1.15032 0.316708 0.675322 0.0854447 0.116529 0.0121951 0.0263158 0.0731743 0.123407 0.476484 2.41981 0.265621 0.711711 1.09042 1.24341 8.0584 1.96518 1.70068 0.103131 0.591818 0.617918 0.477266 0.588099 1.25881 0.572449 1.01329 1.95041 18.766 6.02976 2.03103 0.692369 0.211395 1.10375 0.0294118 0.0608388 0.587275 0.365935 0.427185 0.522805 2.87025 0.271744 0.690637 1.05538 0.432089 0.26947 1.05098 1.04499 0.64243 0.03649 0.544422 0.237962 0.197142 0.29563 0.315073 0.320437 0.779836 0.651605 0.271202 0.560347 0.912404 0.207853 0.301199 0.183928 0.375868 0.152127 0.443172 0.101334 0.787743 0.561625 0.661371 0.499209 1.0613 0.811114 0.830337 0.733466 2.1131 1.46033 3.55611 3.10042 0.956234 1.30521 1.74156 1.17321 0.0874361 1.41939 0.0632675 0.371558 0.126027 0.125592 0.0491375 0.341216 0.365511 0.0502195 0.245683 0.106515 0.400706 0.576102 0.060217 0.131033 0.0753186 0.0178571 0.444085 0.145073 0.0844597 0.0591431 0.961519 0.347626 0.130639 0.333533 1.15091 0.915119 0.271853 0.401822 0.1639 0.116057 0.20733 0.174863 0.0419573 0.162599 0.291983 0.46144 0.25145 0.295393 0.321521 1.42872 1.90807 1.1096 0.523144 0.195021 0.0977819 0.0401352 0.0706187 0.714211 0.234073 0.130749 0.461321 0.338003 0.128577 1.16234 0.161206 0.14839 0.995407 0.410584 0.0396825 0.186761 1.0074 3.4861 0.824372 0.361328 0.0686672 0.277259 0.239668 0.0636651 0.268231 0.0758241 0.164617 0.11514 0.246058 0.198268 0.175229 0.754421 0.683043 0.207575 0.305254 0.116542 0.178854 0.292713 0.230478 0.0962354 0.11655 0.0817754 0.549009 0.144429 0.181366 0.079354 0 0 0.0790702 0.182185 0.352254 0.402193 0.394407 0.233898 0.180522 0.418976 1.50375 0.243824 0.239005 0.335702 0.0457499 0.24484 0.518101 0.471093 0.0805234 0.136513 1.02555 0.581961 0.526612 1.06602 1.25229 1.54693 0.216614 0.109114 0.218067 0.246073 0.240821 0.27074 0.219066 0.239935 2.60644 1.99535 0.338828 1.12968 2.2716 2.13547 1.0276 0.608347 0.431977 0.378226 3.13738 0.382677 2.81857 0.722438 3.66151 0.234135 0.304342 0.363614 0.206034 0.48926 0.152183 0.277871 0.0887424 0.159395 0.248096 0.595754 0.583681 0 0.446495 0.582215 2.23995 0.41209 2.00493 1.58183 6.08546 0.244163 1.78333 0.937354 2.36716 1.28537 0.159014 0.212951 0.19036 0.155433 0.616224 0.628494 0.0942567 0.323004 0.0709748 0.0780501 0.0752918 0.480836 0.112723 0.291564 0.110007 0.117961 0.0438328 0.149349 0.258258 0.0653728 0.161005 0.150011 0.271181 0.0555786 0.29093 0.252666 0.879616 0.269811 1.66853 0.960254 0.12619 0.218764 0.460046 0.273293 0.431895 0.0350759 0.0883296 0.260842 8.06027 0.870062 1.14801 1.10526 3.09349 1.98879 0.752468 1.1915 1.32549 0.78767 2.25207 1.51104 0.92906 1.84382 0.399123 4.11947 0.846504 0.707843 1.9198 0.302761 0.051772 0.0736965 1.77293 1.45317 0.402957 0.149835 0.258408 0.191865 4.40384 2.87354 3.32762 0.281982 19.9517 4.09123 5.45257 74.8493 11.043 1.61475 0.250251 1.20148 1.30319 1.67139 0.0395051 0.208604 1.0101 2.7366 2.44467 0.369738 1.23354 0.704541 0.856197 0.446777 0.340216 0.221231 1.72502 0.228197 1.08054 0.92953 0.469667 0.0876713 0.550627 0.216912 0.208037 0.23537 0.0142857 0.0441775 0.0939016 0.0552808 0.0564617 0.0510553 0.147963 0.0288143 0.396472 0.223045 0.303415 0.635372 0.952519 0.697065 0.0800866 0 0.411474 0.994659 0.254215 1.87084 0.17691 0.256603 0.056892 0.0720344 0.0649024 0.167511 0.703523 0.340773 0.0803865 0.148442 0.153988 0.0265005 0.535628 0.729105 0.384883 0.442332 0.277074 0.238605 0.499235 0.744231 0.74021 1.99263 1.36191 2.82242 1.94322 1.39322 1.32688 8.80428 0.615363 0.609919 0.626112 0.0835542 0.275802 0.581015 0.200505 0.393334 0.340871 0.413083 0.603539 0.393813 0.817576 0.626785 0.607403 0.365732 0.159896 0.200838 0.137927 0.236567 0.344341 0.89001 1.09049 0.354695 0.136879 0.272965 0.372172 0.830724 0.419958 0.481663 1.58477 1.59282 0.363684 1.76963 1.45725 0.742772 0.041866 0.109305 0.0142857 0.130045 0.0880946 0.110575 0.0984162 0.0238095 0.111846 0.107201 0.0410433 0.0937913 0.0861589 0.21115 0.476435 0.377913 0.608168 0.848978 0.405271 0.750997 1.68073 0.267382 0.256309 1.99689 1.49373 3.09669 0.222691 1.03787 
0.748553 13.9938 0.293941 0.0551802 1.26372 3.2187 6.65234 18.6644 1.88398 0.94253 3.01797 1.16272 0.495925 0.252675 0.630558 0.579583 0.646935 2.05938 0.970142 1.16657 8.44408 0.826133 6.59067 14.9062 0.365748 0.152012 0.0749808 0.655227 2.04759 1.68125 0.799256 0.130439 0.364509 1.02578 0.481489 0.49016 0.185031 0.360527 0.184483 0.482828 4.01333 0.311266 3.9449 1.47304 0.814554 3.25924 0.885108 0.627346 0.124764 0.110835 0.159929 0.157758 0.336512 0.315345 0.170642 0.258989 0.545282 0.889852 0.225905 0.201194 0.42207 0.318196 0.424607 0.372284 0.382864 0.276446 0.597993 0.700327 0.810091 2.31957 0.558279 0.874653 0.368602 1.7753 0.420737 0.28427 0.696584 0.855813 0.720798 0.800011 0.942081 1.55314 0.593071 0.322157 1.23624 0.570598 0.55639 0.152397 0.517269 0.0318519 0.461795 0.151772 0.247878 0.0128205 0.208902 0.102141 1.66272 1.63784 0.638087 1.55475 0.901209 0.160954 0.685862 0.753744 0.624639 0.876214 1.58885 0.568369 0.658661 0.432181 0.411104 0.392578 0.426176 0.189793 0.164869 0.12216 0.487422 0.15467 0.179425 0.277868 0.631735 0.457539 0.0571026 0.0126582 0.244986 0.0927135 0.136581 0.409321 0.317725 1.32255 2.95573 2.70365 0.339025 0.493492 0.5553 0.350292 0.617621 0.658499 0.196239 0.122842 0.422146 0.557672 0.150678 0.172245 3.32785 2.98939 1.37968 1.03613 1.75522 2.00344 0.0877817 1.09442 0.969 3.41024 0.88422 0.251461 0.811001 0.0568693 0.0763114 0.121119 0.40015 0.226753 0.104378 0.110134 0.178138 0.536084 0.0928448 0.234402 2.35089 0.495324 2.74577 0.406121 0.883742 0.161944 0.975196 7.0799 0.477305 0.894088 3.58209 0.157602 0.892837 0.302628 1.03324 0.32218 1.57824 1.81397 1.31397 0.200678 0.481848 0.305003 0.318039 0.587807 0.347175 0.0505328 0.0481407 0.101772 1.39402 0.209786 0.780359 0.473311 1.01349 2.46769 4.04669 1.0856 0.583273 0.251544 0.589366 0.956833 0.205147 0.461577 0.438585 0.182997 0.223846 0.156102 0.166658 0 1.91125 0.564941 0.0743135 0.192055 0.0258492 0.123429 0.204356 0.14728 0.499607 0.278455 0.751423 0.407594 3.35172 1.94434 1.04422 0.351408 0.0135135 0.051377 0.0395578 0.0707938 0.725588 1.16922 0.715882 0.715872 0.0786896 0.0574876 0.160125 0.157173 0.12439 0.11236 0.114219 0.270805 0.0891866 1.38408 0.0234588 0.0261538 0.421621 3.16031 2.51922 0.20155 0.519089 0.160581 0.427973 0.223859 0.186976 0.105607 0.056281 0.367473 3.82514 6.76591 0.225556 0.784383 2.45324 6.26557 0.0185185 1.5621 0.20736 0.0147059 0.187257 0.305863 0.337644 0.0869814 1.00729 0.20833 7.19363 4.1009 18.1752 2.36514 3.27086 12.1681 13.9554 2.34413 0.392019 0.381541 0.197115 0.385313 0.356118 0.336288 0.0684902 0.534311 0.170796 0.0684007 0.830822 0.141295 0.276884 1.1072 0.797812 0.0667877 0.184625 0.0898679 0.53543 0.960177 1.61496 5.15081 0.866493 0.100271 0.0788481 0.288939 0.0561012 0.0496478 0.174323 0.25176 0.0976675 0.104387 1.36161 1.36382 1.58603 0.787187 0.144837 0.167365 0.228091 0.173525 0.725765 0.847788 2.67083 1.00657 0.846392 1.19836 1.44747 0.981806 0.0769962 0 2.67843 1.5406 2.5611 0.230605 0.645831 1.3226 0.137261 0.365671 0.618654 0.397996 0.409142 0.189651 2.07953 0.956223 10.0638 4.1447 0.695563 2.10917 1.52674 1.34485 8.37206 2.98526 8.63577 1.91643 2.18936 0.928015 1.03158 0.740708 0.556446 4.14816 1.0386 0.536946 8.43503 1.37912 0.322422 0.283568 0.225433 0.52981 0.179618 0.363801 0.439294 0.118972 0.146511 0.327596 0.611529 0.104093 0.315857 1.02484 0.726753 0.264265 0.129893 0.0793064 0.257199 0.190979 0.257995 0.124541 0.435754 0.125412 0.314695 0.0921705 0.287287 0.423768 0.0966136 0.101581 0.140118 0.18205 0.422899 0.260452 0.199424 0.349279 0.0761341 0.232393 0.209802 0.0707984 0.0836968 0.0893467 0.0666781 0.063893 0.280321 0.240715 0.366651 0.0379026 0.22511 0.212459 0.381234 0.0436986 1.6025 0.817311 0.281779 1.58255 0.504127 0.611122 0.662252 0.349108 0.173574 0.0153846 0.153963 0.292693 0.210397 0.212252 0.105767 0.0701629 0.244056 0.208842 0.0953967 0.578071 0.130002 0.0805978 1.16644 0.478839 0.190418 0.394464 0.247295 0.115829 0.143367 0.286642 0.165465 0.122066 0.445808 0.0435139 0.189534 0.0872731 0.173045 0.230445 0.0443164 0.0241104 0.214885 0.0548408 0.104486 0.180351 0.0891469 0.0117647 0.304326 0.15513 0.64334 0.375333 0.445147 0.477669 0.262699 0.0975661 0.273827 0.0812189 0.0991152 0.155045 0.250934 0.149444 0.410568 1.18298 0.400848 0.283286 0.315214 0.221197 1.17137 1.19649 0.169076 0.096948 0.0721031 0.103267 0.469707 0.57774 0.437221 0.166749 0.0501875 0.145465 0 0 0.0571062 0.296739 0.263589 0.144477 0.273782 0.130492 0.133682 0.0684239 
1.3265 1.5936 0.0706951 0.101553 0.401581 0.103436 1.85325 1.18856 0.752068 0.414276 0.479775 0.372611 0.102025 0.0116279 1.13902 0.359162 0.975017 2.65088 4.09746 0.317793 0.131349 0.0268384 0 0.0975639 0.0959744 0.070834 0.0246914 0.027032 0.532237 0.21118 0.124855 0.0948149 2.55314 1.77797 0.485685 2.22449 0.795775 0.468848 0.994975 0.838009 1.92713 1.16494 0.853405 3.41801 4.81692 0.562643 0.47922 0.46339 0.191508 0.526332 0.612725 0.350142 0.106007 0.132622 0.159464 0.310465 0.0847476 0.268502 0.178135 0.110437 0.150826 0.0642507 0.128275 0.0780832 0.0842366 0.184039 0.318911 0.213279 0.813251 0.212027 0.129227 0.146434 1.9558 0.916387 0.952639 0.0958517 0.447976 0.298488 0.948611 1.351 0.558103 0.305936 4.97382 8.73564 0.163112 0.433206 0.435011 0.220753 0.787915 0.480863 0.205718 0.862189 3.32622 1.26545 0.414221 2.23626 0.0113636 0.0250627 0.465877 0.585482 0.140023 0.172447 0.136623 0.206967 25.8472 0.232175 3.85057 6.4138 0.499888 0.494443 0.565551 1.81699 1.43412 0.396028 4.7065 6.14894 0.453136 0.172779 0.0766539 0.0464363 3.2876 11.5665 1.19582 0.357952 1.85497 2.72625 4.02158 3.81082 0.423706 0.284928 1.81154 2.21182 3.03456 0.0670895 0.220324 1.36376 0.614658 0.423706 1.96316 1.46041 0.152495 0.0822748 0.0694444 0.118282 0.0864429 0 0.725546 2.36185 0.272785 2.74329 2.30596 1.07194 0 0.252398 0.652131 0.370524 0.0375116 0.112749 0.909128 0.41959 0.135513 0.275439 1.80102 0.265144 0.15534 0.13039 0.257125 0.146043 1.16786 0.829724 0.224368 0.246047 0.474035 0.145904 0.470831 0.115317 0.957398 0.0762049 1.23018 1.41611 0.664722 0.613249 0.68461 0.200578 0.0869703 0.072796 0.231187 0.449638 0.105464 0.081668 0.427938 0.0819932 0.31158 0.034924 1.20972 2.14636 2.5989 0.399991 0.134223 0.400577 2.98227 18.478 0.52659 7.46259 2.00568 0.326384 1.40618 1.89046 15.133 0.829006 1.3589 1.90751 0.515127 5.23046 3.37554 0.402642 0.81925 7.04223 1.49661 0.296062 0.884018 2.96482 4.58607 6.43162 0.309306 0.222418 0.742507 0.173645 0.150936 0.492417 0.594839 0.316509 0.329655 0.440886 0.0212766 0.106417 0.253661 0.0715629 0.377488 0.0367323 0.241168 1.15003 0.697705 1.75683 0.28517 0.788838 0.329074 0.624956 0.113457 1.88162 0.594182 2.32266 1.01497 2.19177 1.11241 0.869933 3.86113 1.1586 5.0342 0.638113 3.09523 3.01199 0.401511 0.643474 5.93762 7.84433 0.226061 1.65663 0.0682485 0.0513967 0.121724 0.115485 0.557027 0.695377 2.18128 1.0069 1.24123 0.820202 5.53715 2.68083 0.32167 0.106545 0.409784 0.512765 2.265 2.65242 2.3013 1.36336 1.43375 2.51805 0.901222 0.58608 0.654594 0.217185 0.213441 0.67757 0.979809 1.10625 0.831037 2.51427 0.297321 0.25781 0.246595 0.150683 0.0519844 0.552399 0.0673305 0.0805147 1.41989 0.584274 0.238978 0.580627 0.252729 0.0750421 0.105829 0.384106 0.299801 1.36021 0.555501 0.57695 0.706784 0.536523 0.803909 0.55948 1.13768 0.220372 0.332574 1.24693 0.439409 0.339421 0.33649 0.269491 0.107837 0.489874 0.300018 0.211336 0.216698 0.206827 0.389073 0.128505 0.173974 0.127632 0.100949 0.305741 0.859946 0.326943 0.18713 0.215668 0.179177 0.0796414 0.0136986 0.310553 0.728266 0.675387 0.208509 0.22365 0.61014 0.326247 0.102355 0.311783 0.826715 0.749566 1.35311 1.08146 1.22102 0.350087 0 0 0.0986296 0.230697 0.011236 0.0932836 0.132419 0.263847 0.197558 0.329117 0.235852 1.13855 0.599968 0.158326 0.276177 0.446839 0.326407 0.16774 0.271537 0.507562 1.17136 0.357833 0.925157 0.453804 0.38956 0.255252 0.0230647 0.254591 0.518812 0 0.240232 0.0409697 0.0451515 0.133546 0.373354 0.100437 0.191416 0.232939 0.288345 0.159453 0.15803 0.16129 0.577896 0.267567 0.675815 0.179079 0.804862 0.818722 0.460313 0.25688 0.46198 0.130739 0.101252 2.2596 0.614406 0.799125 1.13228 0.308332 0.206993 0.647457 0.883419 0.863131 1.6262 1.42456 1.90316 1.0056 2.30721 4.83932 1.89756 1.93121 3.81206 1.56344 1.7438 0.71213 0.13142 0.405834 0.0407142 0.0460548 0.063647 0.121627 0.301484 0.227745 0.9883 2.28295 1.04111 1.75223 0.886913 0.557003 0.457168 0.499991 0.676807 0.179296 0.229836 0.194466 0.0609659 0.18978 0.320963 0.30437 0.181642 0.0389744 0.153369 0.0413996 0.0255036 0.0362793 0.0680832 0.0248276 0.379851 0.317377 0.201081 0.423467 0.24151 0.34975 0.112343 0.316378 0.322528 1.33994 0.20311 0.278919 0.113471 0.103338 0.0895004 1.63902 0.135207 0.441345 0.725611 3.75703 0.102746 0.238931 0.58661 0.247726 0.0398759 0.194314 0.0225431 0.0831053 0.143181 0.144885 0.370153 0.343919 0.140583 0.211431 0.294914 0.217334 0.194291 0.150475 0.700093 0.190374 
1.4423 1.99809 0.263153 0.425779 2.08505 27.4625 21.1977 9.26257 0.931009 0.638637 0.0658336 0.775736 6.97426 4.16413 0.155727 0.581419 0.35067 0.257628 0.408915 0.124746 0.259779 1.18445 3.01093 0.2168 0.383307 0.830296 0.334298 1.03788 0.252949 0.426042 0.29181 0.492742 0.427671 0.634763 0.107076 0.691179 0.337142 0.070503 0.170551 0.0700203 0.0337275 0.151308 0.0992406 0.22557 0.0369674 0.142649 0.0128205 0.137189 0.178102 0.442267 0.041405 0.121131 2.8557 0.813188 1.77827 0.502731 0.225751 0.0268759 0.0904402 0.215546 1.26849 2.88536 0.0247858 0.984532 0.40284 1.20971 1.07925 2.22152 0.284832 0.408136 0.380181 0.621167 2.8654 1.90944 1.78559 1.78923 0.898118 0.95037 1.08848 3.70829 1.10237 1.20978 0.913321 5.4312 1.01673 0.394621 1.45708 0.993239 5.45235 3.36949 0.0521071 0.312524 0.20201 0.049078 0.0765867 0.329183 0.260991 0.999503 0.26719 1.68184 0.1501 0.2616 0.728488 1.64604 1.72927 0.646693 0.24422 0.533082 0.100476 0.117424 0.164919 0.112987 0.978895 0.253104 0.783618 0.204794 0.295542 0.242253 0.923672 0.54691 0.236967 0.0647787 0.075915 0.0917382 0.443679 0.565941 0.061199 0.0965176 1.38749 4.68741 0.221149 1.00474 0.761214 0.908303 14.638 0.973649 0.203393 0.10929 0.0825679 0.0522476 0.0269162 0.0253831 0.156888 0.0619703 1.38502 7.16135 0.744338 0.941148 0.364824 1.66306 2.2461 0.917617 0.431323 0.222851 0.578947 1.28556 1.67449 0.850147 1.17165 0.123576 0.742235 0.844161 0.349918 0.0627711 0.635123 0.543433 0.126068 0.8672 0.259468 0.265419 0.151346 0.535299 0.164256 0.244538 0.102296 0.497521 1.53878 1.36912 0.349779 0.0559323 0.11594 0.396427 0.244519 0.570523 0.286599 0.407242 0.13124 0.152559 1.96046 5.28314 0.470574 0.233741 0.113256 0.140493 0.159223 0.636461 0.393772 0.099738 0.20403 0.028665 0.296676 0.702068 0.570926 1.29432 1.25322 0.37977 0.347145 0.333319 0.577436 2.36281 0.711895 3.29465 2.60247 1.33345 0.062914 0.660009 0.795639 0.446655 0.311967 0.382072 0.474788 0.19976 0.214957 0.474371 0.333144 0.161829 0.568302 0.118129 1.26665 0.498387 0.14346 0.28636 0.194725 0.0932177 0.234297 0.173961 0.771162 0.435676 0.14268 0.108282 0.503229 2.89592 1.32418 0.534906 1.02036 1.77711 1.55462 1.98035 0.309592 0.221016 0.640383 1.67384 0.644202 0.145056 0.104517 0.0120482 3.28757 8.60845 1.44797 0.610656 0.0830282 0.21953 0.254842 0.391734 0.10484 0 0.354713 0.023399 0.838844 0.610058 0.41936 0.258337 0.929186 1.80342 7.45686 1.14556 0.298463 0.138996 2.0144 0.731306 0.487315 0.120508 0.114351 0.0413726 0.907908 1.03579 0.133204 1.16027 1.60559 0.574295 0.951529 0.236983 0.417777 0.659992 0.114143 0.242145 0.785749 0.732333 0.0677322 0.0894823 0.0953998 0.234338 0.0782915 0.0133333 1.89929 0.755833 0.245722 0.233903 1.0214 0.348919 0.330273 0.307343 0.851429 0.801826 1.13545 0.189671 1.17359 0.116852 0.0540176 0.241545 0.800728 0.934832 1.19506 1.09298 0.184062 0.108931 0.109348 0.122406 0.737777 1.43296 0.747871 0.0261986 0.632822 1.57738 0.324633 0.193166 1.03349 0.394533 0.192442 0.305126 0.104786 0.384148 0.357979 0.654183 0.153367 0.433554 0.287079 0.0772071 0.0531674 0.213734 0.150415 0.215158 20.8111 16.5433 0.0965587 3.60495 0.75139 0.857973 0.533982 1.20464 0.0692907 0.905518 1.54983 0.331039 0.506958 4.1072 0.237959 0.145861 0.168311 0.10447 0.21469 0.0674694 0.369082 0.550771 0.128646 0.727467 0.553206 0.165425 1.16822 0.296346 5.60646 1.55016 4.80852 1.88573 0.159715 0.0897023 0.381651 1.18367 1.61516 0.576623 0.100026 0.232491 0.34623 8.44859 0.109947 0.970189 2.22704 0.316054 0.284642 0.230404 2.16093 0.972877 0.0663435 0.312093 1.37933 0.148326 1.85927 0.893237 0.198172 3.76776 1.24811 0.170108 1.83038 0.275018 0.85079 0.734525 0.0811329 0.243696 0.155527 0.0772842 0.509722 0.419609 0.194841 0.553711 0.291562 0.248265 0.195104 0.0829992 0.657329 0.126685 0.0617791 0.158517 0.81109 1.56451 0.117019 0.122998 0.153364 0.219278 0.38335 0.219903 0.807266 0.366739 0.135294 0.250752 0.260307 0.0806576 0.155026 0.0270468 0.610101 0.686365 0.147212 0.0961255 0.567736 0.407254 0.602243 0.989498 0.483455 0.323425 0.368691 0.418509 0.554636 3.68771 3.64404 1.41953 2.29885 0.554587 1.27326 0.354051 3.90124 0.824823 0.390193 0.19698 0.249704 0.266877 0.305887 0.383464 0.095826 0.0811329 1.2952 2.78891 1.96962 2.41818 0 0 0.247792 0.0731102 0.362836 0.225433 0.0713459 0.0288618 0.13535 0.0965488 1.6684 0.15724 0.707039 0.0997337 0.834569 0.581939 0.121845 0.0265005 1.20986 0.72655 0.847638 0.558884 0.381292 0.0941475 0.0149254 0.105118 0.0230007 0.052114 0.125951 0.0869632 
